50 20 1
00000000000000000000010001000000000000000000000000
00000000000000000010001001000000000000000000000000
00000000000110000110000100000000000000000000000000
00000000000110001001000000000000000000000000000000
00000000000000011000000000000000000000000000000001
00000000000000001100100000000000000000000000000001
00000000000000000111000000000000000000000000000001
00000000000000000000000000000000000000000000000000
00000000000000000000000111000000000000000000000000
00000000000000000000011000000000000000000000000000
00000000000000000000010000000000000000000000110000
00000000000000000000011000000000000000001110000000
00000000000000000000011000000000000000011100010000
00000000000000000000000000000000000000010000000000
00000000000000000000000010000000000000011100100000
00000000000000000000000011000000000000001001100000
00000000000000000000000111100000100000000110000000
00000000000000000000000000110001010000000000000000
00000000000110000000000100000011000000000000000000
00000000000110000000000000000000000000000000000000