Поколение Плотность Живых_клеток
0 0,1 114
1 0,1 58
2 0,1 61
3 0,1 63
4 0,1 63
5 0,1 69
6 0,1 61
7 0,1 62
8 0,1 67
9 0,1 70
10 0,1 80
11 0,1 73
12 0,1 88
13 0,1 86
14 0,1 85
15 0,1 95
16 0,1 103
17 0,1 90
18 0,1 80
19 0,1 77
20 0,1 84
21 0,1 84
22 0,1 98
23 0,1 86
24 0,1 94
25 0,1 89
26 0,1 65
27 0,1 64
28 0,1 69
29 0,1 62
30 0,1 73
31 0,1 69
32 0,1 78
33 0,1 79
34 0,1 78
35 0,1 79
36 0,1 77
37 0,1 77
38 0,1 70
39 0,1 64
40 0,1 67
41 0,1 58
42 0,1 73
43 0,1 66
44 0,1 67
45 0,1 71
46 0,1 65
47 0,1 67
48 0,1 77
49 0,1 69
50 0,1 64
51 0,1 72
52 0,1 66
53 0,1 70
54 0,1 70
55 0,1 50
56 0,1 56
57 0,1 58
58 0,1 60
59 0,1 63
60 0,1 77
61 0,1 71
62 0,1 75
63 0,1 74
64 0,1 86
65 0,1 71
66 0,1 74
67 0,1 67
68 0,1 72
69 0,1 71
70 0,1 69
71 0,1 67
72 0,1 69
73 0,1 59
74 0,1 65
75 0,1 57
76 0,1 53
77 0,1 52
78 0,1 58
79 0,1 51
80 0,1 57
81 0,1 50
82 0,1 53
83 0,1 54
84 0,1 65
85 0,1 65
86 0,1 73
87 0,1 62
88 0,1 65
89 0,1 67
90 0,1 72
91 0,1 80
92 0,1 91
93 0,1 85
94 0,1 80
95 0,1 81
96 0,1 89
97 0,1 79
98 0,1 65
99 0,1 68
100 0,1 71
101 0,1 66
102 0,1 61
103 0,1 67
104 0,1 70
105 0,1 81
106 0,1 72
107 0,1 84
108 0,1 77
109 0,1 95
110 0,1 79
111 0,1 96
112 0,1 88
113 0,1 98
114 0,1 92
115 0,1 98
116 0,1 88
117 0,1 93
118 0,1 99
119 0,1 95
120 0,1 104
121 0,1 93
122 0,1 81
123 0,1 92
124 0,1 87
125 0,1 83
126 0,1 83
127 0,1 73
128 0,1 81
129 0,1 81
130 0,1 85
131 0,1 77
132 0,1 90
133 0,1 90
134 0,1 90
135 0,1 94
136 0,1 101
137 0,1 113
138 0,1 108
139 0,1 120
140 0,1 127
141 0,1 116
142 0,1 107
143 0,1 108
144 0,1 94
145 0,1 99
146 0,1 103
147 0,1 94
148 0,1 103
149 0,1 82
150 0,1 92
151 0,1 88
152 0,1 97
153 0,1 91
154 0,1 97
155 0,1 99
156 0,1 107
157 0,1 108
158 0,1 95
159 0,1 103
160 0,1 102
161 0,1 100
162 0,1 97
163 0,1 108
164 0,1 101
165 0,1 95
166 0,1 103
167 0,1 95
168 0,1 80
169 0,1 81
170 0,1 62
171 0,1 64
172 0,1 70
173 0,1 73
174 0,1 68
175 0,1 65
176 0,1 69
177 0,1 70
178 0,1 78
179 0,1 80
180 0,1 89
181 0,1 83
182 0,1 99
183 0,1 84
184 0,1 89
185 0,1 82
186 0,1 81
187 0,1 80
188 0,1 96
189 0,1 73
190 0,1 87
191 0,1 74
192 0,1 81
193 0,1 75
194 0,1 84
195 0,1 55
196 0,1 52
197 0,1 53
198 0,1 61
199 0,1 55
200 0,1 59
201 0,1 54
202 0,1 59
203 0,1 53
204 0,1 59
205 0,1 67
206 0,1 69
207 0,1 53
208 0,1 55
209 0,1 51
210 0,1 58
211 0,1 44
212 0,1 34
213 0,1 34
214 0,1 35
215 0,1 32
216 0,1 33
217 0,1 31
218 0,1 39
219 0,1 31
220 0,1 31
221 0,1 31
222 0,1 31
223 0,1 31
224 0,1 31
225 0,1 31
226 0,1 31
227 0,1 31
228 0,1 31
229 0,1 31
230 0,1 31
231 0,1 31
232 0,1 31
233 0,1 31
234 0,1 31
235 0,1 31
236 0,1 31
237 0,1 31
238 0,1 31
239 0,1 31
240 0,1 31
241 0,1 31
242 0,1 31
243 0,1 31
244 0,1 31
245 0,1 31
246 0,1 31
247 0,1 31
248 0,1 31
249 0,1 31
250 0,1 31
251 0,1 31
252 0,1 31
253 0,1 31
254 0,1 31
255 0,1 31
256 0,1 31
257 0,1 31
258 0,1 31
259 0,1 31
260 0,1 31
261 0,1 31
262 0,1 31
263 0,1 31
264 0,1 31
265 0,1 31
266 0,1 31
267 0,1 31
268 0,1 31
269 0,1 31
270 0,1 31
271 0,1 31
272 0,1 31
273 0,1 31
274 0,1 31
275 0,1 31
276 0,1 31
277 0,1 31
278 0,1 31
279 0,1 31
280 0,1 31
281 0,1 31
282 0,1 31
283 0,1 31
284 0,1 31
285 0,1 31
286 0,1 31
287 0,1 31
288 0,1 31
289 0,1 31
290 0,1 31
291 0,1 31
292 0,1 31
293 0,1 31
294 0,1 31
295 0,1 31
296 0,1 31
297 0,1 31
298 0,1 31
299 0,1 31
300 0,1 31
301 0,1 31
302 0,1 31
303 0,1 31
304 0,1 31
305 0,1 31
306 0,1 31
307 0,1 31
308 0,1 31
309 0,1 31
310 0,1 31
311 0,1 31
312 0,1 31
313 0,1 31
314 0,1 31
315 0,1 31
316 0,1 31
317 0,1 31
318 0,1 31
319 0,1 31
320 0,1 31
321 0,1 31
322 0,1 31
323 0,1 31
324 0,1 31
325 0,1 31
326 0,1 31
327 0,1 31
328 0,1 31
329 0,1 31
330 0,1 31
331 0,1 31
332 0,1 31
333 0,1 31
334 0,1 31
335 0,1 31
336 0,1 31
337 0,1 31
338 0,1 31
339 0,1 31
340 0,1 31
341 0,1 31
342 0,1 31
343 0,1 31
344 0,1 31
345 0,1 31
346 0,1 31
347 0,1 31
348 0,1 31
349 0,1 31
350 0,1 31
351 0,1 31
352 0,1 31
353 0,1 31
354 0,1 31
355 0,1 31
356 0,1 31
357 0,1 31
358 0,1 31
359 0,1 31
360 0,1 31
361 0,1 31
362 0,1 31
363 0,1 31
364 0,1 31
365 0,1 31
366 0,1 31
367 0,1 31
368 0,1 31
369 0,1 31
370 0,1 31
371 0,1 31
372 0,1 31
373 0,1 31
374 0,1 31
375 0,1 31
376 0,1 31
377 0,1 31
378 0,1 31
379 0,1 31
380 0,1 31
381 0,1 31
382 0,1 31
383 0,1 31
384 0,1 31
385 0,1 31
386 0,1 31
387 0,1 31
388 0,1 31
389 0,1 31
390 0,1 31
391 0,1 31
392 0,1 31
393 0,1 31
394 0,1 31
395 0,1 31
396 0,1 31
397 0,1 31
398 0,1 31
399 0,1 31
400 0,1 31
401 0,1 31
402 0,1 31
403 0,1 31
404 0,1 31
405 0,1 31
406 0,1 31
407 0,1 31
408 0,1 31
409 0,1 31
410 0,1 31
411 0,1 31
412 0,1 31
413 0,1 31
414 0,1 31
415 0,1 31
416 0,1 31
417 0,1 31
418 0,1 31
419 0,1 31
420 0,1 31
421 0,1 31
422 0,1 31
423 0,1 31
424 0,1 31
425 0,1 31
426 0,1 31
427 0,1 31
428 0,1 31
429 0,1 31
430 0,1 31
431 0,1 31
432 0,1 31
433 0,1 31
434 0,1 31
435 0,1 31
436 0,1 31
437 0,1 31
438 0,1 31
439 0,1 31
440 0,1 31
441 0,1 31
442 0,1 31
443 0,1 31
444 0,1 31
445 0,1 31
446 0,1 31
447 0,1 31
448 0,1 31
449 0,1 31
450 0,1 31
451 0,1 31
452 0,1 31
453 0,1 31
454 0,1 31
455 0,1 31
456 0,1 31
457 0,1 31
458 0,1 31
459 0,1 31
460 0,1 31
461 0,1 31
462 0,1 31
463 0,1 31
464 0,1 31
465 0,1 31
466 0,1 31
467 0,1 31
468 0,1 31
469 0,1 31
470 0,1 31
471 0,1 31
472 0,1 31
473 0,1 31
474 0,1 31
475 0,1 31
476 0,1 31
477 0,1 31
478 0,1 31
479 0,1 31
480 0,1 31
481 0,1 31
482 0,1 31
483 0,1 31
484 0,1 31
485 0,1 31
486 0,1 31
487 0,1 31
488 0,1 31
489 0,1 31
490 0,1 31
491 0,1 31
492 0,1 31
493 0,1 31
494 0,1 31
495 0,1 31
496 0,1 31
497 0,1 31
498 0,1 31
499 0,1 31
500 0,1 31
501 0,1 31
502 0,1 31
503 0,1 31
504 0,1 31
505 0,1 31
506 0,1 31
507 0,1 31
508 0,1 31
509 0,1 31
510 0,1 31
511 0,1 31
512 0,1 31
513 0,1 31
514 0,1 31
515 0,1 31
516 0,1 31
517 0,1 31
518 0,1 31
519 0,1 31
520 0,1 31
521 0,1 31
522 0,1 31
523 0,1 31
524 0,1 31
525 0,1 31
526 0,1 31
527 0,1 31
528 0,1 31
529 0,1 31
530 0,1 31
531 0,1 31
532 0,1 31
533 0,1 31
534 0,1 31
535 0,1 31
536 0,1 31
537 0,1 31
538 0,1 31
539 0,1 31
540 0,1 31
541 0,1 31
542 0,1 31
543 0,1 31
544 0,1 31
545 0,1 31
546 0,1 31
547 0,1 31
548 0,1 31
549 0,1 31
550 0,1 31
551 0,1 31
552 0,1 31
553 0,1 31
554 0,1 31
555 0,1 31
556 0,1 31
557 0,1 31
558 0,1 31
559 0,1 31
560 0,1 31
561 0,1 31
562 0,1 31
563 0,1 31
564 0,1 31
565 0,1 31
566 0,1 31
567 0,1 31
568 0,1 31
569 0,1 31
570 0,1 31
571 0,1 31
572 0,1 31
573 0,1 31
574 0,1 31
575 0,1 31
576 0,1 31
577 0,1 31
578 0,1 31
579 0,1 31
580 0,1 31
581 0,1 31
582 0,1 31
583 0,1 31
584 0,1 31
585 0,1 31
586 0,1 31
587 0,1 31
588 0,1 31
589 0,1 31
590 0,1 31
591 0,1 31
592 0,1 31
593 0,1 31
594 0,1 31
595 0,1 31
596 0,1 31
597 0,1 31
598 0,1 31
599 0,1 31
0 0,2 177
1 0,2 171
2 0,2 171
3 0,2 155
4 0,2 155
5 0,2 142
6 0,2 140
7 0,2 111
8 0,2 107
9 0,2 117
10 0,2 117
11 0,2 118
12 0,2 111
13 0,2 126
14 0,2 119
15 0,2 121
16 0,2 125
17 0,2 109
18 0,2 117
19 0,2 121
20 0,2 122
21 0,2 113
22 0,2 127
23 0,2 105
24 0,2 110
25 0,2 100
26 0,2 101
27 0,2 102
28 0,2 105
29 0,2 109
30 0,2 98
31 0,2 103
32 0,2 119
33 0,2 110
34 0,2 123
35 0,2 129
36 0,2 131
37 0,2 147
38 0,2 149
39 0,2 144
40 0,2 150
41 0,2 128
42 0,2 132
43 0,2 141
44 0,2 134
45 0,2 152
46 0,2 137
47 0,2 125
48 0,2 118
49 0,2 140
50 0,2 124
51 0,2 123
52 0,2 123
53 0,2 105
54 0,2 92
55 0,2 79
56 0,2 74
57 0,2 80
58 0,2 73
59 0,2 85
60 0,2 74
61 0,2 65
62 0,2 63
63 0,2 64
64 0,2 64
65 0,2 67
66 0,2 74
67 0,2 61
68 0,2 84
69 0,2 67
70 0,2 84
71 0,2 64
72 0,2 71
73 0,2 66
74 0,2 69
75 0,2 68
76 0,2 65
77 0,2 66
78 0,2 64
79 0,2 77
80 0,2 63
81 0,2 61
82 0,2 65
83 0,2 61
84 0,2 67
85 0,2 74
86 0,2 66
87 0,2 76
88 0,2 60
89 0,2 74
90 0,2 73
91 0,2 65
92 0,2 59
93 0,2 58
94 0,2 59
95 0,2 57
96 0,2 60
97 0,2 55
98 0,2 56
99 0,2 58
100 0,2 50
101 0,2 52
102 0,2 47
103 0,2 45
104 0,2 48
105 0,2 49
106 0,2 52
107 0,2 56
108 0,2 50
109 0,2 64
110 0,2 58
111 0,2 60
112 0,2 59
113 0,2 66
114 0,2 71
115 0,2 74
116 0,2 88
117 0,2 76
118 0,2 68
119 0,2 72
120 0,2 67
121 0,2 66
122 0,2 76
123 0,2 69
124 0,2 80
125 0,2 75
126 0,2 87
127 0,2 77
128 0,2 89
129 0,2 72
130 0,2 97
131 0,2 68
132 0,2 73
133 0,2 73
134 0,2 85
135 0,2 85
136 0,2 72
137 0,2 77
138 0,2 70
139 0,2 72
140 0,2 81
141 0,2 65
142 0,2 68
143 0,2 69
144 0,2 64
145 0,2 66
146 0,2 56
147 0,2 62
148 0,2 52
149 0,2 54
150 0,2 53
151 0,2 62
152 0,2 63
153 0,2 55
154 0,2 56
155 0,2 63
156 0,2 67
157 0,2 75
158 0,2 77
159 0,2 71
160 0,2 70
161 0,2 59
162 0,2 65
163 0,2 68
164 0,2 74
165 0,2 70
166 0,2 62
167 0,2 51
168 0,2 49
169 0,2 54
170 0,2 58
171 0,2 44
172 0,2 47
173 0,2 50
174 0,2 48
175 0,2 54
176 0,2 52
177 0,2 57
178 0,2 53
179 0,2 50
180 0,2 51
181 0,2 56
182 0,2 60
183 0,2 70
184 0,2 63
185 0,2 87
186 0,2 75
187 0,2 87
188 0,2 77
189 0,2 83
190 0,2 95
191 0,2 97
192 0,2 81
193 0,2 76
194 0,2 79
195 0,2 85
196 0,2 70
197 0,2 65
198 0,2 69
199 0,2 54
200 0,2 49
201 0,2 54
202 0,2 47
203 0,2 41
204 0,2 44
205 0,2 45
206 0,2 52
207 0,2 59
208 0,2 65
209 0,2 55
210 0,2 70
211 0,2 64
212 0,2 79
213 0,2 72
214 0,2 88
215 0,2 77
216 0,2 92
217 0,2 93
218 0,2 98
219 0,2 84
220 0,2 82
221 0,2 80
222 0,2 79
223 0,2 80
224 0,2 87
225 0,2 89
226 0,2 87
227 0,2 82
228 0,2 71
229 0,2 65
230 0,2 65
231 0,2 72
232 0,2 61
233 0,2 81
234 0,2 59
235 0,2 72
236 0,2 61
237 0,2 60
238 0,2 63
239 0,2 56
240 0,2 63
241 0,2 59
242 0,2 49
243 0,2 57
244 0,2 57
245 0,2 55
246 0,2 59
247 0,2 60
248 0,2 65
249 0,2 55
250 0,2 60
251 0,2 63
252 0,2 67
253 0,2 72
254 0,2 67
255 0,2 60
256 0,2 60
257 0,2 69
258 0,2 62
259 0,2 68
260 0,2 67
261 0,2 66
262 0,2 76
263 0,2 68
264 0,2 83
265 0,2 79
266 0,2 72
267 0,2 77
268 0,2 86
269 0,2 93
270 0,2 102
271 0,2 107
272 0,2 98
273 0,2 108
274 0,2 115
275 0,2 92
276 0,2 100
277 0,2 103
278 0,2 99
279 0,2 84
280 0,2 93
281 0,2 72
282 0,2 76
283 0,2 84
284 0,2 75
285 0,2 80
286 0,2 76
287 0,2 89
288 0,2 73
289 0,2 77
290 0,2 58
291 0,2 51
292 0,2 50
293 0,2 62
294 0,2 63
295 0,2 56
296 0,2 63
297 0,2 56
298 0,2 69
299 0,2 67
300 0,2 81
301 0,2 69
302 0,2 66
303 0,2 67
304 0,2 83
305 0,2 68
306 0,2 75
307 0,2 65
308 0,2 78
309 0,2 75
310 0,2 96
311 0,2 72
312 0,2 84
313 0,2 71
314 0,2 69
315 0,2 69
316 0,2 68
317 0,2 65
318 0,2 70
319 0,2 66
320 0,2 67
321 0,2 64
322 0,2 75
323 0,2 73
324 0,2 75
325 0,2 69
326 0,2 75
327 0,2 72
328 0,2 70
329 0,2 70
330 0,2 67
331 0,2 77
332 0,2 70
333 0,2 79
334 0,2 73
335 0,2 71
336 0,2 75
337 0,2 67
338 0,2 70
339 0,2 63
340 0,2 70
341 0,2 68
342 0,2 61
343 0,2 63
344 0,2 62
345 0,2 74
346 0,2 64
347 0,2 72
348 0,2 73
349 0,2 69
350 0,2 69
351 0,2 57
352 0,2 52
353 0,2 63
354 0,2 56
355 0,2 65
356 0,2 55
357 0,2 44
358 0,2 43
359 0,2 51
360 0,2 40
361 0,2 43
362 0,2 40
363 0,2 43
364 0,2 43
365 0,2 40
366 0,2 38
367 0,2 39
368 0,2 39
369 0,2 38
370 0,2 42
371 0,2 43
372 0,2 45
373 0,2 51
374 0,2 49
375 0,2 54
376 0,2 54
377 0,2 54
378 0,2 57
379 0,2 55
380 0,2 58
381 0,2 61
382 0,2 52
383 0,2 49
384 0,2 49
385 0,2 55
386 0,2 51
387 0,2 57
388 0,2 56
389 0,2 70
390 0,2 58
391 0,2 75
392 0,2 51
393 0,2 49
394 0,2 50
395 0,2 52
396 0,2 45
397 0,2 49
398 0,2 39
399 0,2 34
400 0,2 31
401 0,2 32
402 0,2 32
403 0,2 32
404 0,2 32
405 0,2 32
406 0,2 32
407 0,2 32
408 0,2 32
409 0,2 32
410 0,2 32
411 0,2 32
412 0,2 32
413 0,2 32
414 0,2 32
415 0,2 32
416 0,2 32
417 0,2 32
418 0,2 32
419 0,2 32
420 0,2 32
421 0,2 32
422 0,2 32
423 0,2 32
424 0,2 32
425 0,2 32
426 0,2 32
427 0,2 32
428 0,2 32
429 0,2 32
430 0,2 32
431 0,2 32
432 0,2 32
433 0,2 32
434 0,2 32
435 0,2 32
436 0,2 32
437 0,2 32
438 0,2 32
439 0,2 32
440 0,2 32
441 0,2 32
442 0,2 32
443 0,2 32
444 0,2 32
445 0,2 32
446 0,2 32
447 0,2 32
448 0,2 32
449 0,2 32
450 0,2 32
451 0,2 32
452 0,2 32
453 0,2 32
454 0,2 32
455 0,2 32
456 0,2 32
457 0,2 32
458 0,2 32
459 0,2 32
460 0,2 32
461 0,2 32
462 0,2 32
463 0,2 32
464 0,2 32
465 0,2 32
466 0,2 32
467 0,2 32
468 0,2 32
469 0,2 32
470 0,2 32
471 0,2 32
472 0,2 32
473 0,2 32
474 0,2 32
475 0,2 32
476 0,2 32
477 0,2 32
478 0,2 32
479 0,2 32
480 0,2 32
481 0,2 32
482 0,2 32
483 0,2 32
484 0,2 32
485 0,2 32
486 0,2 32
487 0,2 32
488 0,2 32
489 0,2 32
490 0,2 32
491 0,2 32
492 0,2 32
493 0,2 32
494 0,2 32
495 0,2 32
496 0,2 32
497 0,2 32
498 0,2 32
499 0,2 32
500 0,2 32
501 0,2 32
502 0,2 32
503 0,2 32
504 0,2 32
505 0,2 32
506 0,2 32
507 0,2 32
508 0,2 32
509 0,2 32
510 0,2 32
511 0,2 32
512 0,2 32
513 0,2 32
514 0,2 32
515 0,2 32
516 0,2 32
517 0,2 32
518 0,2 32
519 0,2 32
520 0,2 32
521 0,2 32
522 0,2 32
523 0,2 32
524 0,2 32
525 0,2 32
526 0,2 32
527 0,2 32
528 0,2 32
529 0,2 32
530 0,2 32
531 0,2 32
532 0,2 32
533 0,2 32
534 0,2 32
535 0,2 32
536 0,2 32
537 0,2 32
538 0,2 32
539 0,2 32
540 0,2 32
541 0,2 32
542 0,2 32
543 0,2 32
544 0,2 32
545 0,2 32
546 0,2 32
547 0,2 32
548 0,2 32
549 0,2 32
550 0,2 32
551 0,2 32
552 0,2 32
553 0,2 32
554 0,2 32
555 0,2 32
556 0,2 32
557 0,2 32
558 0,2 32
559 0,2 32
560 0,2 32
561 0,2 32
562 0,2 32
563 0,2 32
564 0,2 32
565 0,2 32
566 0,2 32
567 0,2 32
568 0,2 32
569 0,2 32
570 0,2 32
571 0,2 32
572 0,2 32
573 0,2 32
574 0,2 32
575 0,2 32
576 0,2 32
577 0,2 32
578 0,2 32
579 0,2 32
580 0,2 32
581 0,2 32
582 0,2 32
583 0,2 32
584 0,2 32
585 0,2 32
586 0,2 32
587 0,2 32
588 0,2 32
589 0,2 32
590 0,2 32
591 0,2 32
592 0,2 32
593 0,2 32
594 0,2 32
595 0,2 32
596 0,2 32
597 0,2 32
598 0,2 32
599 0,2 32
0 0,3 296
1 0,3 317
2 0,3 295
3 0,3 296
4 0,3 271
5 0,3 226
6 0,3 237
7 0,3 218
8 0,3 208
9 0,3 207
10 0,3 230
11 0,3 192
12 0,3 200
13 0,3 179
14 0,3 200
15 0,3 171
16 0,3 151
17 0,3 144
18 0,3 150
19 0,3 179
20 0,3 158
21 0,3 163
22 0,3 164
23 0,3 161
24 0,3 183
25 0,3 178
26 0,3 158
27 0,3 151
28 0,3 156
29 0,3 152
30 0,3 147
31 0,3 163
32 0,3 152
33 0,3 137
34 0,3 153
35 0,3 125
36 0,3 118
37 0,3 120
38 0,3 117
39 0,3 128
40 0,3 120
41 0,3 125
42 0,3 139
43 0,3 138
44 0,3 114
45 0,3 106
46 0,3 109
47 0,3 120
48 0,3 120
49 0,3 124
50 0,3 110
51 0,3 112
52 0,3 123
53 0,3 115
54 0,3 122
55 0,3 118
56 0,3 117
57 0,3 112
58 0,3 126
59 0,3 131
60 0,3 127
61 0,3 121
62 0,3 110
63 0,3 102
64 0,3 115
65 0,3 113
66 0,3 103
67 0,3 111
68 0,3 92
69 0,3 96
70 0,3 102
71 0,3 94
72 0,3 93
73 0,3 86
74 0,3 85
75 0,3 77
76 0,3 85
77 0,3 85
78 0,3 88
79 0,3 93
80 0,3 100
81 0,3 105
82 0,3 121
83 0,3 124
84 0,3 119
85 0,3 135
86 0,3 118
87 0,3 133
88 0,3 107
89 0,3 103
90 0,3 106
91 0,3 117
92 0,3 131
93 0,3 128
94 0,3 134
95 0,3 125
96 0,3 133
97 0,3 139
98 0,3 139
99 0,3 126
100 0,3 138
101 0,3 124
102 0,3 133
103 0,3 137
104 0,3 145
105 0,3 152
106 0,3 148
107 0,3 147
108 0,3 159
109 0,3 154
110 0,3 165
111 0,3 160
112 0,3 168
113 0,3 179
114 0,3 175
115 0,3 148
116 0,3 167
117 0,3 161
118 0,3 148
119 0,3 168
120 0,3 171
121 0,3 170
122 0,3 155
123 0,3 154
124 0,3 147
125 0,3 152
126 0,3 166
127 0,3 174
128 0,3 162
129 0,3 171
130 0,3 173
131 0,3 184
132 0,3 179
133 0,3 163
134 0,3 152
135 0,3 174
136 0,3 133
137 0,3 136
138 0,3 126
139 0,3 125
140 0,3 123
141 0,3 125
142 0,3 127
143 0,3 141
144 0,3 140
145 0,3 131
146 0,3 137
147 0,3 131
148 0,3 120
149 0,3 120
150 0,3 125
151 0,3 128
152 0,3 126
153 0,3 139
154 0,3 137
155 0,3 157
156 0,3 141
157 0,3 146
158 0,3 150
159 0,3 156
160 0,3 160
161 0,3 153
162 0,3 139
163 0,3 138
164 0,3 136
165 0,3 151
166 0,3 139
167 0,3 137
168 0,3 146
169 0,3 154
170 0,3 140
171 0,3 140
172 0,3 131
173 0,3 136
174 0,3 141
175 0,3 134
176 0,3 134
177 0,3 128
178 0,3 105
179 0,3 111
180 0,3 96
181 0,3 113
182 0,3 87
183 0,3 110
184 0,3 92
185 0,3 106
186 0,3 92
187 0,3 76
188 0,3 84
189 0,3 81
190 0,3 86
191 0,3 85
192 0,3 91
193 0,3 86
194 0,3 77
195 0,3 64
196 0,3 64
197 0,3 61
198 0,3 57
199 0,3 60
200 0,3 60
201 0,3 53
202 0,3 59
203 0,3 53
204 0,3 65
205 0,3 65
206 0,3 74
207 0,3 75
208 0,3 79
209 0,3 75
210 0,3 72
211 0,3 73
212 0,3 76
213 0,3 79
214 0,3 80
215 0,3 100
216 0,3 92
217 0,3 111
218 0,3 86
219 0,3 79
220 0,3 87
221 0,3 101
222 0,3 93
223 0,3 105
224 0,3 118
225 0,3 102
226 0,3 121
227 0,3 116
228 0,3 123
229 0,3 122
230 0,3 137
231 0,3 136
232 0,3 154
233 0,3 139
234 0,3 157
235 0,3 139
236 0,3 139
237 0,3 149
238 0,3 146
239 0,3 144
240 0,3 152
241 0,3 133
242 0,3 130
243 0,3 133
244 0,3 139
245 0,3 152
246 0,3 134
247 0,3 137
248 0,3 130
249 0,3 118
250 0,3 108
251 0,3 114
252 0,3 119
253 0,3 111
254 0,3 124
255 0,3 124
256 0,3 144
257 0,3 132
258 0,3 151
259 0,3 131
260 0,3 131
261 0,3 128
262 0,3 107
263 0,3 113
264 0,3 120
265 0,3 131
266 0,3 101
267 0,3 107
268 0,3 108
269 0,3 101
270 0,3 95
271 0,3 88
272 0,3 89
273 0,3 100
274 0,3 98
275 0,3 97
276 0,3 93
277 0,3 91
278 0,3 82
279 0,3 82
280 0,3 75
281 0,3 79
282 0,3 81
283 0,3 77
284 0,3 81
285 0,3 69
286 0,3 72
287 0,3 76
288 0,3 77
289 0,3 79
290 0,3 92
291 0,3 97
292 0,3 91
293 0,3 113
294 0,3 99
295 0,3 121
296 0,3 116
297 0,3 122
298 0,3 119
299 0,3 120
300 0,3 122
301 0,3 94
302 0,3 95
303 0,3 103
304 0,3 87
305 0,3 85
306 0,3 79
307 0,3 83
308 0,3 63
309 0,3 55
310 0,3 47
311 0,3 44
312 0,3 43
313 0,3 45
314 0,3 51
315 0,3 47
316 0,3 51
317 0,3 56
318 0,3 54
319 0,3 53
320 0,3 61
321 0,3 60
322 0,3 60
323 0,3 64
324 0,3 55
325 0,3 59
326 0,3 59
327 0,3 60
328 0,3 59
329 0,3 61
330 0,3 65
331 0,3 56
332 0,3 60
333 0,3 54
334 0,3 55
335 0,3 55
336 0,3 57
337 0,3 55
338 0,3 62
339 0,3 59
340 0,3 51
341 0,3 56
342 0,3 50
343 0,3 50
344 0,3 51
345 0,3 58
346 0,3 51
347 0,3 49
348 0,3 53
349 0,3 46
350 0,3 45
351 0,3 45
352 0,3 53
353 0,3 48
354 0,3 54
355 0,3 51
356 0,3 62
357 0,3 53
358 0,3 52
359 0,3 50
360 0,3 59
361 0,3 62
362 0,3 69
363 0,3 66
364 0,3 70
365 0,3 65
366 0,3 65
367 0,3 73
368 0,3 74
369 0,3 89
370 0,3 69
371 0,3 82
372 0,3 77
373 0,3 99
374 0,3 74
375 0,3 84
376 0,3 96
377 0,3 80
378 0,3 90
379 0,3 87
380 0,3 92
381 0,3 88
382 0,3 89
383 0,3 99
384 0,3 99
385 0,3 115
386 0,3 107
387 0,3 129
388 0,3 120
389 0,3 132
390 0,3 130
391 0,3 144
392 0,3 111
393 0,3 128
394 0,3 119
395 0,3 126
396 0,3 128
397 0,3 139
398 0,3 138
399 0,3 132
400 0,3 118
401 0,3 129
402 0,3 121
403 0,3 141
404 0,3 131
405 0,3 139
406 0,3 125
407 0,3 109
408 0,3 91
409 0,3 114
410 0,3 88
411 0,3 80
412 0,3 68
413 0,3 72
414 0,3 71
415 0,3 85
416 0,3 72
417 0,3 83
418 0,3 78
419 0,3 95
420 0,3 81
421 0,3 96
422 0,3 90
423 0,3 93
424 0,3 93
425 0,3 100
426 0,3 111
427 0,3 111
428 0,3 119
429 0,3 127
430 0,3 130
431 0,3 137
432 0,3 125
433 0,3 119
434 0,3 118
435 0,3 106
436 0,3 103
437 0,3 88
438 0,3 73
439 0,3 78
440 0,3 71
441 0,3 88
442 0,3 76
443 0,3 83
444 0,3 78
445 0,3 82
446 0,3 77
447 0,3 88
448 0,3 88
449 0,3 98
450 0,3 96
451 0,3 88
452 0,3 75
453 0,3 73
454 0,3 70
455 0,3 75
456 0,3 79
457 0,3 80
458 0,3 84
459 0,3 90
460 0,3 89
461 0,3 89
462 0,3 95
463 0,3 87
464 0,3 100
465 0,3 71
466 0,3 70
467 0,3 74
468 0,3 70
469 0,3 65
470 0,3 61
471 0,3 64
472 0,3 64
473 0,3 70
474 0,3 68
475 0,3 69
476 0,3 68
477 0,3 65
478 0,3 67
479 0,3 64
480 0,3 61
481 0,3 59
482 0,3 59
483 0,3 60
484 0,3 51
485 0,3 48
486 0,3 45
487 0,3 47
488 0,3 44
489 0,3 47
490 0,3 41
491 0,3 38
492 0,3 38
493 0,3 38
494 0,3 38
495 0,3 38
496 0,3 38
497 0,3 38
498 0,3 38
499 0,3 38
500 0,3 38
501 0,3 38
502 0,3 38
503 0,3 38
504 0,3 38
505 0,3 38
506 0,3 38
507 0,3 38
508 0,3 38
509 0,3 38
510 0,3 38
511 0,3 38
512 0,3 38
513 0,3 38
514 0,3 38
515 0,3 38
516 0,3 38
517 0,3 38
518 0,3 38
519 0,3 38
520 0,3 38
521 0,3 38
522 0,3 38
523 0,3 38
524 0,3 38
525 0,3 38
526 0,3 38
527 0,3 38
528 0,3 38
529 0,3 38
530 0,3 38
531 0,3 38
532 0,3 38
533 0,3 38
534 0,3 38
535 0,3 38
536 0,3 38
537 0,3 38
538 0,3 38
539 0,3 38
540 0,3 38
541 0,3 38
542 0,3 38
543 0,3 38
544 0,3 38
545 0,3 38
546 0,3 38
547 0,3 38
548 0,3 38
549 0,3 38
550 0,3 38
551 0,3 38
552 0,3 38
553 0,3 38
554 0,3 38
555 0,3 38
556 0,3 38
557 0,3 38
558 0,3 38
559 0,3 38
560 0,3 38
561 0,3 38
562 0,3 38
563 0,3 38
564 0,3 38
565 0,3 38
566 0,3 38
567 0,3 38
568 0,3 38
569 0,3 38
570 0,3 38
571 0,3 38
572 0,3 38
573 0,3 38
574 0,3 38
575 0,3 38
576 0,3 38
577 0,3 38
578 0,3 38
579 0,3 38
580 0,3 38
581 0,3 38
582 0,3 38
583 0,3 38
584 0,3 38
585 0,3 38
586 0,3 38
587 0,3 38
588 0,3 38
589 0,3 38
590 0,3 38
591 0,3 38
592 0,3 38
593 0,3 38
594 0,3 38
595 0,3 38
596 0,3 38
597 0,3 38
598 0,3 38
599 0,3 38
0 0,4 389
1 0,4 349
2 0,4 317
3 0,4 319
4 0,4 284
5 0,4 289
6 0,4 274
7 0,4 296
8 0,4 253
9 0,4 260
10 0,4 219
11 0,4 222
12 0,4 221
13 0,4 207
14 0,4 222
15 0,4 206
16 0,4 198
17 0,4 203
18 0,4 201
19 0,4 199
20 0,4 217
21 0,4 167
22 0,4 169
23 0,4 168
24 0,4 181
25 0,4 182
26 0,4 182
27 0,4 180
28 0,4 170
29 0,4 167
30 0,4 173
31 0,4 141
32 0,4 148
33 0,4 137
34 0,4 121
35 0,4 104
36 0,4 99
37 0,4 104
38 0,4 98
39 0,4 111
40 0,4 96
41 0,4 88
42 0,4 97
43 0,4 91
44 0,4 82
45 0,4 82
46 0,4 80
47 0,4 88
48 0,4 81
49 0,4 93
50 0,4 87
51 0,4 96
52 0,4 90
53 0,4 95
54 0,4 102
55 0,4 110
56 0,4 101
57 0,4 101
58 0,4 81
59 0,4 82
60 0,4 81
61 0,4 81
62 0,4 80
63 0,4 83
64 0,4 87
65 0,4 75
66 0,4 86
67 0,4 72
68 0,4 72
69 0,4 76
70 0,4 75
71 0,4 82
72 0,4 80
73 0,4 84
74 0,4 91
75 0,4 79
76 0,4 73
77 0,4 72
78 0,4 63
79 0,4 67
80 0,4 67
81 0,4 67
82 0,4 69
83 0,4 74
84 0,4 69
85 0,4 60
86 0,4 61
87 0,4 62
88 0,4 72
89 0,4 72
90 0,4 81
91 0,4 70
92 0,4 57
93 0,4 58
94 0,4 56
95 0,4 60
96 0,4 65
97 0,4 54
98 0,4 56
99 0,4 60
100 0,4 58
101 0,4 58
102 0,4 59
103 0,4 56
104 0,4 57
105 0,4 62
106 0,4 61
107 0,4 57
108 0,4 53
109 0,4 56
110 0,4 52
111 0,4 50
112 0,4 56
113 0,4 57
114 0,4 59
115 0,4 62
116 0,4 67
117 0,4 57
118 0,4 54
119 0,4 53
120 0,4 51
121 0,4 53
122 0,4 56
123 0,4 59
124 0,4 52
125 0,4 53
126 0,4 54
127 0,4 54
128 0,4 54
129 0,4 51
130 0,4 51
131 0,4 47
132 0,4 51
133 0,4 43
134 0,4 44
135 0,4 40
136 0,4 41
137 0,4 39
138 0,4 38
139 0,4 38
140 0,4 38
141 0,4 43
142 0,4 40
143 0,4 43
144 0,4 48
145 0,4 48
146 0,4 50
147 0,4 54
148 0,4 51
149 0,4 56
150 0,4 65
151 0,4 65
152 0,4 60
153 0,4 65
154 0,4 68
155 0,4 62
156 0,4 66
157 0,4 58
158 0,4 58
159 0,4 57
160 0,4 55
161 0,4 57
162 0,4 52
163 0,4 54
164 0,4 55
165 0,4 66
166 0,4 58
167 0,4 63
168 0,4 58
169 0,4 57
170 0,4 57
171 0,4 59
172 0,4 61
173 0,4 65
174 0,4 71
175 0,4 68
176 0,4 70
177 0,4 67
178 0,4 64
179 0,4 61
180 0,4 57
181 0,4 53
182 0,4 59
183 0,4 63
184 0,4 71
185 0,4 67
186 0,4 62
187 0,4 61
188 0,4 70
189 0,4 62
190 0,4 64
191 0,4 68
192 0,4 62
193 0,4 66
194 0,4 71
195 0,4 84
196 0,4 78
197 0,4 99
198 0,4 81
199 0,4 80
200 0,4 79
201 0,4 64
202 0,4 64
203 0,4 65
204 0,4 58
205 0,4 57
206 0,4 51
207 0,4 56
208 0,4 51
209 0,4 56
210 0,4 56
211 0,4 60
212 0,4 56
213 0,4 60
214 0,4 58
215 0,4 61
216 0,4 74
217 0,4 54
218 0,4 48
219 0,4 54
220 0,4 47
221 0,4 47
222 0,4 50
223 0,4 54
224 0,4 54
225 0,4 56
226 0,4 58
227 0,4 55
228 0,4 65
229 0,4 58
230 0,4 75
231 0,4 66
232 0,4 80
233 0,4 73
234 0,4 78
235 0,4 83
236 0,4 93
237 0,4 64
238 0,4 71
239 0,4 62
240 0,4 60
241 0,4 55
242 0,4 54
243 0,4 52
244 0,4 53
245 0,4 53
246 0,4 49
247 0,4 53
248 0,4 45
249 0,4 45
250 0,4 45
251 0,4 45
252 0,4 45
253 0,4 45
254 0,4 45
255 0,4 45
256 0,4 45
257 0,4 45
258 0,4 45
259 0,4 45
260 0,4 45
261 0,4 45
262 0,4 45
263 0,4 45
264 0,4 45
265 0,4 45
266 0,4 45
267 0,4 45
268 0,4 45
269 0,4 45
270 0,4 45
271 0,4 45
272 0,4 45
273 0,4 45
274 0,4 45
275 0,4 45
276 0,4 45
277 0,4 45
278 0,4 45
279 0,4 45
280 0,4 45
281 0,4 45
282 0,4 45
283 0,4 45
284 0,4 45
285 0,4 45
286 0,4 45
287 0,4 45
288 0,4 45
289 0,4 45
290 0,4 45
291 0,4 45
292 0,4 45
293 0,4 45
294 0,4 45
295 0,4 45
296 0,4 45
297 0,4 45
298 0,4 45
299 0,4 45
300 0,4 45
301 0,4 45
302 0,4 45
303 0,4 45
304 0,4 45
305 0,4 45
306 0,4 45
307 0,4 45
308 0,4 45
309 0,4 45
310 0,4 45
311 0,4 45
312 0,4 45
313 0,4 45
314 0,4 45
315 0,4 45
316 0,4 45
317 0,4 45
318 0,4 45
319 0,4 45
320 0,4 45
321 0,4 45
322 0,4 45
323 0,4 45
324 0,4 45
325 0,4 45
326 0,4 45
327 0,4 45
328 0,4 45
329 0,4 45
330 0,4 45
331 0,4 45
332 0,4 45
333 0,4 45
334 0,4 45
335 0,4 45
336 0,4 45
337 0,4 45
338 0,4 45
339 0,4 45
340 0,4 45
341 0,4 45
342 0,4 45
343 0,4 45
344 0,4 45
345 0,4 45
346 0,4 45
347 0,4 45
348 0,4 45
349 0,4 45
350 0,4 45
351 0,4 45
352 0,4 45
353 0,4 45
354 0,4 45
355 0,4 45
356 0,4 45
357 0,4 45
358 0,4 45
359 0,4 45
360 0,4 45
361 0,4 45
362 0,4 45
363 0,4 45
364 0,4 45
365 0,4 45
366 0,4 45
367 0,4 45
368 0,4 45
369 0,4 45
370 0,4 45
371 0,4 45
372 0,4 45
373 0,4 45
374 0,4 45
375 0,4 45
376 0,4 45
377 0,4 45
378 0,4 45
379 0,4 45
380 0,4 45
381 0,4 45
382 0,4 45
383 0,4 45
384 0,4 45
385 0,4 45
386 0,4 45
387 0,4 45
388 0,4 45
389 0,4 45
390 0,4 45
391 0,4 45
392 0,4 45
393 0,4 45
394 0,4 45
395 0,4 45
396 0,4 45
397 0,4 45
398 0,4 45
399 0,4 45
400 0,4 45
401 0,4 45
402 0,4 45
403 0,4 45
404 0,4 45
405 0,4 45
406 0,4 45
407 0,4 45
408 0,4 45
409 0,4 45
410 0,4 45
411 0,4 45
412 0,4 45
413 0,4 45
414 0,4 45
415 0,4 45
416 0,4 45
417 0,4 45
418 0,4 45
419 0,4 45
420 0,4 45
421 0,4 45
422 0,4 45
423 0,4 45
424 0,4 45
425 0,4 45
426 0,4 45
427 0,4 45
428 0,4 45
429 0,4 45
430 0,4 45
431 0,4 45
432 0,4 45
433 0,4 45
434 0,4 45
435 0,4 45
436 0,4 45
437 0,4 45
438 0,4 45
439 0,4 45
440 0,4 45
441 0,4 45
442 0,4 45
443 0,4 45
444 0,4 45
445 0,4 45
446 0,4 45
447 0,4 45
448 0,4 45
449 0,4 45
450 0,4 45
451 0,4 45
452 0,4 45
453 0,4 45
454 0,4 45
455 0,4 45
456 0,4 45
457 0,4 45
458 0,4 45
459 0,4 45
460 0,4 45
461 0,4 45
462 0,4 45
463 0,4 45
464 0,4 45
465 0,4 45
466 0,4 45
467 0,4 45
468 0,4 45
469 0,4 45
470 0,4 45
471 0,4 45
472 0,4 45
473 0,4 45
474 0,4 45
475 0,4 45
476 0,4 45
477 0,4 45
478 0,4 45
479 0,4 45
480 0,4 45
481 0,4 45
482 0,4 45
483 0,4 45
484 0,4 45
485 0,4 45
486 0,4 45
487 0,4 45
488 0,4 45
489 0,4 45
490 0,4 45
491 0,4 45
492 0,4 45
493 0,4 45
494 0,4 45
495 0,4 45
496 0,4 45
497 0,4 45
498 0,4 45
499 0,4 45
500 0,4 45
501 0,4 45
502 0,4 45
503 0,4 45
504 0,4 45
505 0,4 45
506 0,4 45
507 0,4 45
508 0,4 45
509 0,4 45
510 0,4 45
511 0,4 45
512 0,4 45
513 0,4 45
514 0,4 45
515 0,4 45
516 0,4 45
517 0,4 45
518 0,4 45
519 0,4 45
520 0,4 45
521 0,4 45
522 0,4 45
523 0,4 45
524 0,4 45
525 0,4 45
526 0,4 45
527 0,4 45
528 0,4 45
529 0,4 45
530 0,4 45
531 0,4 45
532 0,4 45
533 0,4 45
534 0,4 45
535 0,4 45
536 0,4 45
537 0,4 45
538 0,4 45
539 0,4 45
540 0,4 45
541 0,4 45
542 0,4 45
543 0,4 45
544 0,4 45
545 0,4 45
546 0,4 45
547 0,4 45
548 0,4 45
549 0,4 45
550 0,4 45
551 0,4 45
552 0,4 45
553 0,4 45
554 0,4 45
555 0,4 45
556 0,4 45
557 0,4 45
558 0,4 45
559 0,4 45
560 0,4 45
561 0,4 45
562 0,4 45
563 0,4 45
564 0,4 45
565 0,4 45
566 0,4 45
567 0,4 45
568 0,4 45
569 0,4 45
570 0,4 45
571 0,4 45
572 0,4 45
573 0,4 45
574 0,4 45
575 0,4 45
576 0,4 45
577 0,4 45
578 0,4 45
579 0,4 45
580 0,4 45
581 0,4 45
582 0,4 45
583 0,4 45
584 0,4 45
585 0,4 45
586 0,4 45
587 0,4 45
588 0,4 45
589 0,4 45
590 0,4 45
591 0,4 45
592 0,4 45
593 0,4 45
594 0,4 45
595 0,4 45
596 0,4 45
597 0,4 45
598 0,4 45
599 0,4 45
0 0,5 481
1 0,5 323
2 0,5 307
3 0,5 319
4 0,5 322
5 0,5 317
6 0,5 302
7 0,5 279
8 0,5 259
9 0,5 264
10 0,5 222
11 0,5 213
12 0,5 225
13 0,5 228
14 0,5 229
15 0,5 211
16 0,5 209
17 0,5 229
18 0,5 194
19 0,5 163
20 0,5 152
21 0,5 145
22 0,5 141
23 0,5 151
24 0,5 137
25 0,5 147
26 0,5 150
27 0,5 148
28 0,5 165
29 0,5 152
30 0,5 154
31 0,5 137
32 0,5 138
33 0,5 136
34 0,5 151
35 0,5 138
36 0,5 167
37 0,5 164
38 0,5 163
39 0,5 169
40 0,5 173
41 0,5 193
42 0,5 185
43 0,5 191
44 0,5 174
45 0,5 157
46 0,5 161
47 0,5 151
48 0,5 134
49 0,5 157
50 0,5 132
51 0,5 141
52 0,5 134
53 0,5 138
54 0,5 141
55 0,5 137
56 0,5 117
57 0,5 107
58 0,5 109
59 0,5 117
60 0,5 118
61 0,5 124
62 0,5 129
63 0,5 136
64 0,5 142
65 0,5 120
66 0,5 127
67 0,5 127
68 0,5 121
69 0,5 130
70 0,5 132
71 0,5 125
72 0,5 134
73 0,5 129
74 0,5 134
75 0,5 122
76 0,5 126
77 0,5 124
78 0,5 116
79 0,5 114
80 0,5 129
81 0,5 134
82 0,5 152
83 0,5 146
84 0,5 146
85 0,5 156
86 0,5 151
87 0,5 136
88 0,5 114
89 0,5 116
90 0,5 117
91 0,5 121
92 0,5 119
93 0,5 109
94 0,5 107
95 0,5 110
96 0,5 103
97 0,5 112
98 0,5 125
99 0,5 112
100 0,5 120
101 0,5 112
102 0,5 128
103 0,5 133
104 0,5 131
105 0,5 121
106 0,5 121
107 0,5 117
108 0,5 106
109 0,5 123
110 0,5 122
111 0,5 111
112 0,5 114
113 0,5 118
114 0,5 104
115 0,5 113
116 0,5 102
117 0,5 101
118 0,5 94
119 0,5 104
120 0,5 101
121 0,5 104
122 0,5 108
123 0,5 118
124 0,5 106
125 0,5 125
126 0,5 104
127 0,5 101
128 0,5 102
129 0,5 112
130 0,5 94
131 0,5 115
132 0,5 104
133 0,5 111
134 0,5 121
135 0,5 98
136 0,5 118
137 0,5 106
138 0,5 115
139 0,5 108
140 0,5 107
141 0,5 82
142 0,5 79
143 0,5 84
144 0,5 74
145 0,5 60
146 0,5 63
147 0,5 54
148 0,5 53
149 0,5 57
150 0,5 58
151 0,5 60
152 0,5 67
153 0,5 61
154 0,5 77
155 0,5 73
156 0,5 96
157 0,5 88
158 0,5 114
159 0,5 95
160 0,5 112
161 0,5 98
162 0,5 106
163 0,5 105
164 0,5 114
165 0,5 91
166 0,5 85
167 0,5 90
168 0,5 93
169 0,5 92
170 0,5 102
171 0,5 99
172 0,5 99
173 0,5 83
174 0,5 83
175 0,5 75
176 0,5 72
177 0,5 59
178 0,5 69
179 0,5 64
180 0,5 66
181 0,5 62
182 0,5 70
183 0,5 54
184 0,5 56
185 0,5 57
186 0,5 65
187 0,5 67
188 0,5 70
189 0,5 70
190 0,5 67
191 0,5 65
192 0,5 74
193 0,5 86
194 0,5 78
195 0,5 84
196 0,5 85
197 0,5 91
198 0,5 88
199 0,5 91
200 0,5 78
201 0,5 81
202 0,5 84
203 0,5 90
204 0,5 92
205 0,5 74
206 0,5 83
207 0,5 76
208 0,5 68
209 0,5 79
210 0,5 69
211 0,5 71
212 0,5 71
213 0,5 88
214 0,5 81
215 0,5 78
216 0,5 81
217 0,5 76
218 0,5 80
219 0,5 73
220 0,5 78
221 0,5 70
222 0,5 76
223 0,5 70
224 0,5 71
225 0,5 69
226 0,5 71
227 0,5 69
228 0,5 76
229 0,5 69
230 0,5 78
231 0,5 68
232 0,5 68
233 0,5 74
234 0,5 65
235 0,5 73
236 0,5 69
237 0,5 73
238 0,5 73
239 0,5 66
240 0,5 69
241 0,5 78
242 0,5 78
243 0,5 77
244 0,5 81
245 0,5 87
246 0,5 74
247 0,5 90
248 0,5 73
249 0,5 62
250 0,5 47
251 0,5 43
252 0,5 46
253 0,5 46
254 0,5 50
255 0,5 44
256 0,5 47
257 0,5 46
258 0,5 50
259 0,5 52
260 0,5 58
261 0,5 72
262 0,5 58
263 0,5 69
264 0,5 62
265 0,5 73
266 0,5 71
267 0,5 76
268 0,5 73
269 0,5 73
270 0,5 67
271 0,5 75
272 0,5 75
273 0,5 82
274 0,5 84
275 0,5 94
276 0,5 88
277 0,5 85
278 0,5 89
279 0,5 70
280 0,5 75
281 0,5 77
282 0,5 91
283 0,5 84
284 0,5 90
285 0,5 85
286 0,5 81
287 0,5 81
288 0,5 92
289 0,5 86
290 0,5 96
291 0,5 89
292 0,5 80
293 0,5 93
294 0,5 82
295 0,5 76
296 0,5 83
297 0,5 85
298 0,5 80
299 0,5 87
300 0,5 92
301 0,5 95
302 0,5 97
303 0,5 96
304 0,5 89
305 0,5 85
306 0,5 87
307 0,5 79
308 0,5 77
309 0,5 86
310 0,5 80
311 0,5 79
312 0,5 74
313 0,5 79
314 0,5 95
315 0,5 76
316 0,5 79
317 0,5 78
318 0,5 90
319 0,5 90
320 0,5 89
321 0,5 84
322 0,5 81
323 0,5 82
324 0,5 75
325 0,5 85
326 0,5 80
327 0,5 92
328 0,5 77
329 0,5 90
330 0,5 81
331 0,5 84
332 0,5 90
333 0,5 74
334 0,5 76
335 0,5 72
336 0,5 79
337 0,5 68
338 0,5 69
339 0,5 68
340 0,5 71
341 0,5 68
342 0,5 71
343 0,5 73
344 0,5 73
345 0,5 68
346 0,5 79
347 0,5 73
348 0,5 66
349 0,5 73
350 0,5 66
351 0,5 82
352 0,5 68
353 0,5 55
354 0,5 54
355 0,5 50
356 0,5 49
357 0,5 50
358 0,5 50
359 0,5 58
360 0,5 47
361 0,5 44
362 0,5 39
363 0,5 38
364 0,5 38
365 0,5 40
366 0,5 40
367 0,5 40
368 0,5 40
369 0,5 40
370 0,5 40
371 0,5 40
372 0,5 40
373 0,5 40
374 0,5 40
375 0,5 40
376 0,5 40
377 0,5 40
378 0,5 40
379 0,5 40
380 0,5 40
381 0,5 40
382 0,5 40
383 0,5 40
384 0,5 40
385 0,5 40
386 0,5 40
387 0,5 40
388 0,5 40
389 0,5 40
390 0,5 40
391 0,5 40
392 0,5 40
393 0,5 40
394 0,5 40
395 0,5 40
396 0,5 40
397 0,5 40
398 0,5 40
399 0,5 40
400 0,5 40
401 0,5 40
402 0,5 40
403 0,5 40
404 0,5 40
405 0,5 40
406 0,5 40
407 0,5 40
408 0,5 40
409 0,5 40
410 0,5 40
411 0,5 40
412 0,5 40
413 0,5 40
414 0,5 40
415 0,5 40
416 0,5 40
417 0,5 40
418 0,5 40
419 0,5 40
420 0,5 40
421 0,5 40
422 0,5 40
423 0,5 40
424 0,5 40
425 0,5 40
426 0,5 40
427 0,5 40
428 0,5 40
429 0,5 40
430 0,5 40
431 0,5 40
432 0,5 40
433 0,5 40
434 0,5 40
435 0,5 40
436 0,5 40
437 0,5 40
438 0,5 40
439 0,5 40
440 0,5 40
441 0,5 40
442 0,5 40
443 0,5 40
444 0,5 40
445 0,5 40
446 0,5 40
447 0,5 40
448 0,5 40
449 0,5 40
450 0,5 40
451 0,5 40
452 0,5 40
453 0,5 40
454 0,5 40
455 0,5 40
456 0,5 40
457 0,5 40
458 0,5 40
459 0,5 40
460 0,5 40
461 0,5 40
462 0,5 40
463 0,5 40
464 0,5 40
465 0,5 40
466 0,5 40
467 0,5 40
468 0,5 40
469 0,5 40
470 0,5 40
471 0,5 40
472 0,5 40
473 0,5 40
474 0,5 40
475 0,5 40
476 0,5 40
477 0,5 40
478 0,5 40
479 0,5 40
480 0,5 40
481 0,5 40
482 0,5 40
483 0,5 40
484 0,5 40
485 0,5 40
486 0,5 40
487 0,5 40
488 0,5 40
489 0,5 40
490 0,5 40
491 0,5 40
492 0,5 40
493 0,5 40
494 0,5 40
495 0,5 40
496 0,5 40
497 0,5 40
498 0,5 40
499 0,5 40
500 0,5 40
501 0,5 40
502 0,5 40
503 0,5 40
504 0,5 40
505 0,5 40
506 0,5 40
507 0,5 40
508 0,5 40
509 0,5 40
510 0,5 40
511 0,5 40
512 0,5 40
513 0,5 40
514 0,5 40
515 0,5 40
516 0,5 40
517 0,5 40
518 0,5 40
519 0,5 40
520 0,5 40
521 0,5 40
522 0,5 40
523 0,5 40
524 0,5 40
525 0,5 40
526 0,5 40
527 0,5 40
528 0,5 40
529 0,5 40
530 0,5 40
531 0,5 40
532 0,5 40
533 0,5 40
534 0,5 40
535 0,5 40
536 0,5 40
537 0,5 40
538 0,5 40
539 0,5 40
540 0,5 40
541 0,5 40
542 0,5 40
543 0,5 40
544 0,5 40
545 0,5 40
546 0,5 40
547 0,5 40
548 0,5 40
549 0,5 40
550 0,5 40
551 0,5 40
552 0,5 40
553 0,5 40
554 0,5 40
555 0,5 40
556 0,5 40
557 0,5 40
558 0,5 40
559 0,5 40
560 0,5 40
561 0,5 40
562 0,5 40
563 0,5 40
564 0,5 40
565 0,5 40
566 0,5 40
567 0,5 40
568 0,5 40
569 0,5 40
570 0,5 40
571 0,5 40
572 0,5 40
573 0,5 40
574 0,5 40
575 0,5 40
576 0,5 40
577 0,5 40
578 0,5 40
579 0,5 40
580 0,5 40
581 0,5 40
582 0,5 40
583 0,5 40
584 0,5 40
585 0,5 40
586 0,5 40
587 0,5 40
588 0,5 40
589 0,5 40
590 0,5 40
591 0,5 40
592 0,5 40
593 0,5 40
594 0,5 40
595 0,5 40
596 0,5 40
597 0,5 40
598 0,5 40
599 0,5 40
0 0,6 593
1 0,6 143
2 0,6 128
3 0,6 126
4 0,6 124
5 0,6 130
6 0,6 116
7 0,6 136
8 0,6 138
9 0,6 119
10 0,6 109
11 0,6 107
12 0,6 96
13 0,6 86
14 0,6 86
15 0,6 91
16 0,6 92
17 0,6 90
18 0,6 99
19 0,6 101
20 0,6 105
21 0,6 111
22 0,6 121
23 0,6 135
24 0,6 134
25 0,6 141
26 0,6 144
27 0,6 138
28 0,6 143
29 0,6 134
30 0,6 131
31 0,6 133
32 0,6 113
33 0,6 128
34 0,6 110
35 0,6 118
36 0,6 126
37 0,6 128
38 0,6 138
39 0,6 107
40 0,6 129
41 0,6 101
42 0,6 96
43 0,6 93
44 0,6 96
45 0,6 106
46 0,6 117
47 0,6 115
48 0,6 123
49 0,6 117
50 0,6 112
51 0,6 110
52 0,6 111
53 0,6 106
54 0,6 110
55 0,6 106
56 0,6 96
57 0,6 89
58 0,6 88
59 0,6 103
60 0,6 99
61 0,6 104
62 0,6 102
63 0,6 110
64 0,6 110
65 0,6 108
66 0,6 126
67 0,6 121
68 0,6 123
69 0,6 134
70 0,6 134
71 0,6 130
72 0,6 145
73 0,6 146
74 0,6 149
75 0,6 140
76 0,6 142
77 0,6 147
78 0,6 140
79 0,6 128
80 0,6 126
81 0,6 119
82 0,6 118
83 0,6 124
84 0,6 131
85 0,6 128
86 0,6 140
87 0,6 132
88 0,6 142
89 0,6 144
90 0,6 135
91 0,6 154
92 0,6 148
93 0,6 168
94 0,6 141
95 0,6 149
96 0,6 154
97 0,6 151
98 0,6 161
99 0,6 158
100 0,6 166
101 0,6 169
102 0,6 163
103 0,6 138
104 0,6 142
105 0,6 143
106 0,6 130
107 0,6 140
108 0,6 130
109 0,6 136
110 0,6 123
111 0,6 124
112 0,6 110
113 0,6 120
114 0,6 108
115 0,6 113
116 0,6 101
117 0,6 113
118 0,6 79
119 0,6 87
120 0,6 85
121 0,6 91
122 0,6 76
123 0,6 74
124 0,6 76
125 0,6 83
126 0,6 79
127 0,6 72
128 0,6 76
129 0,6 79
130 0,6 76
131 0,6 88
132 0,6 80
133 0,6 97
134 0,6 86
135 0,6 96
136 0,6 91
137 0,6 100
138 0,6 101
139 0,6 98
140 0,6 84
141 0,6 88
142 0,6 87
143 0,6 103
144 0,6 91
145 0,6 95
146 0,6 87
147 0,6 97
148 0,6 93
149 0,6 101
150 0,6 86
151 0,6 79
152 0,6 88
153 0,6 87
154 0,6 83
155 0,6 76
156 0,6 62
157 0,6 67
158 0,6 60
159 0,6 66
160 0,6 61
161 0,6 66
162 0,6 63
163 0,6 69
164 0,6 66
165 0,6 68
166 0,6 60
167 0,6 60
168 0,6 64
169 0,6 59
170 0,6 64
171 0,6 62
172 0,6 59
173 0,6 62
174 0,6 74
175 0,6 61
176 0,6 66
177 0,6 73
178 0,6 81
179 0,6 78
180 0,6 77
181 0,6 86
182 0,6 90
183 0,6 81
184 0,6 74
185 0,6 92
186 0,6 68
187 0,6 59
188 0,6 58
189 0,6 62
190 0,6 58
191 0,6 59
192 0,6 58
193 0,6 55
194 0,6 54
195 0,6 51
196 0,6 71
197 0,6 46
198 0,6 44
199 0,6 39
200 0,6 38
201 0,6 42
202 0,6 41
203 0,6 39
204 0,6 41
205 0,6 43
206 0,6 44
207 0,6 49
208 0,6 43
209 0,6 49
210 0,6 46
211 0,6 52
212 0,6 49
213 0,6 57
214 0,6 49
215 0,6 52
216 0,6 56
217 0,6 55
218 0,6 60
219 0,6 65
220 0,6 72
221 0,6 65
222 0,6 64
223 0,6 67
224 0,6 70
225 0,6 67
226 0,6 69
227 0,6 62
228 0,6 61
229 0,6 61
230 0,6 63
231 0,6 57
232 0,6 53
233 0,6 46
234 0,6 47
235 0,6 40
236 0,6 40
237 0,6 41
238 0,6 41
239 0,6 48
240 0,6 41
241 0,6 53
242 0,6 39
243 0,6 40
244 0,6 30
245 0,6 25
246 0,6 26
247 0,6 25
248 0,6 25
249 0,6 26
250 0,6 29
251 0,6 29
252 0,6 29
253 0,6 33
254 0,6 36
255 0,6 43
256 0,6 42
257 0,6 50
258 0,6 50
259 0,6 52
260 0,6 59
261 0,6 68
262 0,6 62
263 0,6 56
264 0,6 68
265 0,6 51
266 0,6 54
267 0,6 52
268 0,6 49
269 0,6 46
270 0,6 49
271 0,6 51
272 0,6 53
273 0,6 42
274 0,6 52
275 0,6 37
276 0,6 34
277 0,6 37
278 0,6 36
279 0,6 41
280 0,6 41
281 0,6 55
282 0,6 42
283 0,6 44
284 0,6 50
285 0,6 45
286 0,6 44
287 0,6 49
288 0,6 47
289 0,6 49
290 0,6 47
291 0,6 47
292 0,6 56
293 0,6 49
294 0,6 55
295 0,6 41
296 0,6 46
297 0,6 42
298 0,6 43
299 0,6 44
300 0,6 51
301 0,6 50
302 0,6 55
303 0,6 58
304 0,6 53
305 0,6 57
306 0,6 56
307 0,6 68
308 0,6 53
309 0,6 51
310 0,6 54
311 0,6 57
312 0,6 67
313 0,6 63
314 0,6 65
315 0,6 70
316 0,6 62
317 0,6 76
318 0,6 64
319 0,6 69
320 0,6 70
321 0,6 68
322 0,6 66
323 0,6 70
324 0,6 72
325 0,6 72
326 0,6 75
327 0,6 74
328 0,6 79
329 0,6 73
330 0,6 76
331 0,6 71
332 0,6 72
333 0,6 79
334 0,6 66
335 0,6 63
336 0,6 51
337 0,6 49
338 0,6 55
339 0,6 47
340 0,6 56
341 0,6 53
342 0,6 65
343 0,6 54
344 0,6 61
345 0,6 55
346 0,6 50
347 0,6 54
348 0,6 62
349 0,6 59
350 0,6 72
351 0,6 62
352 0,6 58
353 0,6 65
354 0,6 55
355 0,6 59
356 0,6 52
357 0,6 53
358 0,6 60
359 0,6 64
360 0,6 76
361 0,6 59
362 0,6 67
363 0,6 61
364 0,6 57
365 0,6 62
366 0,6 63
367 0,6 69
368 0,6 61
369 0,6 66
370 0,6 64
371 0,6 64
372 0,6 64
373 0,6 65
374 0,6 64
375 0,6 66
376 0,6 67
377 0,6 71
378 0,6 68
379 0,6 75
380 0,6 66
381 0,6 62
382 0,6 63
383 0,6 66
384 0,6 69
385 0,6 71
386 0,6 65
387 0,6 65
388 0,6 68
389 0,6 69
390 0,6 71
391 0,6 72
392 0,6 71
393 0,6 75
394 0,6 76
395 0,6 74
396 0,6 80
397 0,6 75
398 0,6 75
399 0,6 72
400 0,6 77
401 0,6 77
402 0,6 80
403 0,6 77
404 0,6 91
405 0,6 71
406 0,6 80
407 0,6 73
408 0,6 81
409 0,6 75
410 0,6 71
411 0,6 84
412 0,6 72
413 0,6 84
414 0,6 77
415 0,6 82
416 0,6 76
417 0,6 76
418 0,6 74
419 0,6 77
420 0,6 66
421 0,6 67
422 0,6 65
423 0,6 64
424 0,6 69
425 0,6 63
426 0,6 69
427 0,6 65
428 0,6 72
429 0,6 63
430 0,6 63
431 0,6 69
432 0,6 64
433 0,6 78
434 0,6 63
435 0,6 69
436 0,6 66
437 0,6 71
438 0,6 66
439 0,6 65
440 0,6 68
441 0,6 74
442 0,6 75
443 0,6 67
444 0,6 71
445 0,6 65
446 0,6 66
447 0,6 67
448 0,6 71
449 0,6 73
450 0,6 66
451 0,6 71
452 0,6 65
453 0,6 63
454 0,6 61
455 0,6 60
456 0,6 59
457 0,6 64
458 0,6 62
459 0,6 68
460 0,6 67
461 0,6 60
462 0,6 62
463 0,6 56
464 0,6 62
465 0,6 65
466 0,6 66
467 0,6 45
468 0,6 46
469 0,6 41
470 0,6 45
471 0,6 42
472 0,6 43
473 0,6 47
474 0,6 54
475 0,6 53
476 0,6 57
477 0,6 52
478 0,6 55
479 0,6 52
480 0,6 53
481 0,6 63
482 0,6 60
483 0,6 63
484 0,6 80
485 0,6 58
486 0,6 59
487 0,6 68
488 0,6 61
489 0,6 67
490 0,6 60
491 0,6 63
492 0,6 59
493 0,6 61
494 0,6 55
495 0,6 62
496 0,6 61
497 0,6 61
498 0,6 69
499 0,6 67
500 0,6 86
501 0,6 73
502 0,6 83
503 0,6 80
504 0,6 91
505 0,6 88
506 0,6 101
507 0,6 87
508 0,6 87
509 0,6 79
510 0,6 90
511 0,6 85
512 0,6 82
513 0,6 67
514 0,6 74
515 0,6 61
516 0,6 66
517 0,6 59
518 0,6 60
519 0,6 47
520 0,6 45
521 0,6 43
522 0,6 45
523 0,6 46
524 0,6 50
525 0,6 45
526 0,6 57
527 0,6 48
528 0,6 46
529 0,6 40
530 0,6 46
531 0,6 41
532 0,6 44
533 0,6 48
534 0,6 46
535 0,6 56
536 0,6 58
537 0,6 66
538 0,6 62
539 0,6 75
540 0,6 66
541 0,6 66
542 0,6 73
543 0,6 62
544 0,6 60
545 0,6 57
546 0,6 59
547 0,6 55
548 0,6 68
549 0,6 66
550 0,6 68
551 0,6 72
552 0,6 78
553 0,6 61
554 0,6 65
555 0,6 73
556 0,6 67
557 0,6 66
558 0,6 69
559 0,6 61
560 0,6 63
561 0,6 61
562 0,6 66
563 0,6 61
564 0,6 65
565 0,6 67
566 0,6 87
567 0,6 72
568 0,6 74
569 0,6 80
570 0,6 69
571 0,6 67
572 0,6 57
573 0,6 59
574 0,6 67
575 0,6 61
576 0,6 75
577 0,6 60
578 0,6 78
579 0,6 64
580 0,6 70
581 0,6 70
582 0,6 78
583 0,6 69
584 0,6 58
585 0,6 55
586 0,6 52
587 0,6 62
588 0,6 51
589 0,6 65
590 0,6 56
591 0,6 71
592 0,6 55
593 0,6 36
594 0,6 30
595 0,6 20
596 0,6 17
597 0,6 14
598 0,6 12
599 0,6 9
0 0,7 705
1 0,7 48
2 0,7 24
3 0,7 25
4 0,7 27
5 0,7 28
6 0,7 30
7 0,7 29
8 0,7 33
9 0,7 29
10 0,7 27
11 0,7 28
12 0,7 27
13 0,7 41
14 0,7 37
15 0,7 42
16 0,7 46
17 0,7 56
18 0,7 47
19 0,7 56
20 0,7 62
21 0,7 65
22 0,7 63
23 0,7 71
24 0,7 73
25 0,7 78
26 0,7 84
27 0,7 78
28 0,7 79
29 0,7 66
30 0,7 84
31 0,7 84
32 0,7 89
33 0,7 86
34 0,7 100
35 0,7 102
36 0,7 100
37 0,7 88
38 0,7 102
39 0,7 87
40 0,7 103
41 0,7 86
42 0,7 101
43 0,7 113
44 0,7 112
45 0,7 117
46 0,7 121
47 0,7 123
48 0,7 128
49 0,7 128
50 0,7 131
51 0,7 135
52 0,7 127
53 0,7 131
54 0,7 126
55 0,7 121
56 0,7 121
57 0,7 132
58 0,7 139
59 0,7 155
60 0,7 144
61 0,7 159
62 0,7 144
63 0,7 146
64 0,7 156
65 0,7 133
66 0,7 147
67 0,7 134
68 0,7 155
69 0,7 127
70 0,7 110
71 0,7 95
72 0,7 101
73 0,7 91
74 0,7 93
75 0,7 95
76 0,7 109
77 0,7 104
78 0,7 117
79 0,7 111
80 0,7 113
81 0,7 120
82 0,7 127
83 0,7 115
84 0,7 144
85 0,7 139
86 0,7 162
87 0,7 168
88 0,7 175
89 0,7 180
90 0,7 165
91 0,7 185
92 0,7 173
93 0,7 171
94 0,7 175
95 0,7 184
96 0,7 188
97 0,7 202
98 0,7 194
99 0,7 172
100 0,7 193
101 0,7 189
102 0,7 205
103 0,7 192
104 0,7 188
105 0,7 200
106 0,7 200
107 0,7 187
108 0,7 181
109 0,7 178
110 0,7 178
111 0,7 185
112 0,7 198
113 0,7 197
114 0,7 205
115 0,7 185
116 0,7 193
117 0,7 185
118 0,7 182
119 0,7 177
120 0,7 187
121 0,7 192
122 0,7 176
123 0,7 185
124 0,7 178
125 0,7 188
126 0,7 176
127 0,7 183
128 0,7 168
129 0,7 168
130 0,7 170
131 0,7 163
132 0,7 164
133 0,7 179
134 0,7 144
135 0,7 159
136 0,7 172
137 0,7 159
138 0,7 175
139 0,7 157
140 0,7 129
141 0,7 137
142 0,7 123
143 0,7 134
144 0,7 117
145 0,7 134
146 0,7 126
147 0,7 139
148 0,7 141
149 0,7 160
150 0,7 145
151 0,7 137
152 0,7 146
153 0,7 162
154 0,7 156
155 0,7 140
156 0,7 147
157 0,7 147
158 0,7 138
159 0,7 130
160 0,7 141
161 0,7 128
162 0,7 136
163 0,7 124
164 0,7 132
165 0,7 134
166 0,7 138
167 0,7 142
168 0,7 130
169 0,7 141
170 0,7 136
171 0,7 162
172 0,7 134
173 0,7 138
174 0,7 130
175 0,7 135
176 0,7 131
177 0,7 123
178 0,7 128
179 0,7 110
180 0,7 103
181 0,7 109
182 0,7 116
183 0,7 119
184 0,7 124
185 0,7 114
186 0,7 126
187 0,7 119
188 0,7 140
189 0,7 152
190 0,7 147
191 0,7 147
192 0,7 140
193 0,7 163
194 0,7 138
195 0,7 158
196 0,7 143
197 0,7 128
198 0,7 137
199 0,7 112
200 0,7 111
201 0,7 107
202 0,7 111
203 0,7 118
204 0,7 113
205 0,7 121
206 0,7 118
207 0,7 113
208 0,7 103
209 0,7 108
210 0,7 106
211 0,7 111
212 0,7 115
213 0,7 113
214 0,7 111
215 0,7 107
216 0,7 114
217 0,7 114
218 0,7 90
219 0,7 97
220 0,7 94
221 0,7 91
222 0,7 93
223 0,7 92
224 0,7 109
225 0,7 105
226 0,7 104
227 0,7 112
228 0,7 120
229 0,7 94
230 0,7 89
231 0,7 91
232 0,7 93
233 0,7 118
234 0,7 90
235 0,7 94
236 0,7 83
237 0,7 90
238 0,7 70
239 0,7 79
240 0,7 66
241 0,7 71
242 0,7 63
243 0,7 59
244 0,7 61
245 0,7 59
246 0,7 70
247 0,7 62
248 0,7 72
249 0,7 61
250 0,7 80
251 0,7 69
252 0,7 75
253 0,7 85
254 0,7 74
255 0,7 90
256 0,7 62
257 0,7 67
258 0,7 57
259 0,7 56
260 0,7 56
261 0,7 61
262 0,7 65
263 0,7 69
264 0,7 63
265 0,7 60
266 0,7 64
267 0,7 75
268 0,7 64
269 0,7 78
270 0,7 70
271 0,7 74
272 0,7 80
273 0,7 71
274 0,7 67
275 0,7 68
276 0,7 71
277 0,7 58
278 0,7 55
279 0,7 52
280 0,7 62
281 0,7 64
282 0,7 57
283 0,7 71
284 0,7 57
285 0,7 70
286 0,7 58
287 0,7 44
288 0,7 50
289 0,7 49
290 0,7 48
291 0,7 56
292 0,7 55
293 0,7 58
294 0,7 61
295 0,7 65
296 0,7 66
297 0,7 77
298 0,7 64
299 0,7 70
300 0,7 55
301 0,7 58
302 0,7 61
303 0,7 62
304 0,7 60
305 0,7 65
306 0,7 63
307 0,7 67
308 0,7 69
309 0,7 77
310 0,7 77
311 0,7 79
312 0,7 83
313 0,7 88
314 0,7 78
315 0,7 90
316 0,7 75
317 0,7 81
318 0,7 69
319 0,7 82
320 0,7 70
321 0,7 69
322 0,7 69
323 0,7 65
324 0,7 67
325 0,7 81
326 0,7 75
327 0,7 95
328 0,7 72
329 0,7 78
330 0,7 70
331 0,7 68
332 0,7 84
333 0,7 80
334 0,7 95
335 0,7 74
336 0,7 85
337 0,7 87
338 0,7 100
339 0,7 101
340 0,7 88
341 0,7 93
342 0,7 84
343 0,7 77
344 0,7 82
345 0,7 82
346 0,7 92
347 0,7 87
348 0,7 94
349 0,7 97
350 0,7 90
351 0,7 102
352 0,7 94
353 0,7 97
354 0,7 97
355 0,7 106
356 0,7 74
357 0,7 77
358 0,7 69
359 0,7 80
360 0,7 63
361 0,7 55
362 0,7 65
363 0,7 66
364 0,7 72
365 0,7 70
366 0,7 71
367 0,7 50
368 0,7 60
369 0,7 49
370 0,7 63
371 0,7 50
372 0,7 64
373 0,7 56
374 0,7 64
375 0,7 64
376 0,7 58
377 0,7 64
378 0,7 70
379 0,7 63
380 0,7 52
381 0,7 64
382 0,7 49
383 0,7 62
384 0,7 61
385 0,7 58
386 0,7 58
387 0,7 51
388 0,7 58
389 0,7 60
390 0,7 50
391 0,7 57
392 0,7 52
393 0,7 34
394 0,7 31
395 0,7 28
396 0,7 26
397 0,7 25
398 0,7 27
399 0,7 24
400 0,7 20
401 0,7 20
402 0,7 20
403 0,7 20
404 0,7 20
405 0,7 20
406 0,7 20
407 0,7 20
408 0,7 20
409 0,7 20
410 0,7 20
411 0,7 20
412 0,7 20
413 0,7 20
414 0,7 20
415 0,7 20
416 0,7 20
417 0,7 20
418 0,7 20
419 0,7 20
420 0,7 20
421 0,7 20
422 0,7 20
423 0,7 20
424 0,7 20
425 0,7 20
426 0,7 20
427 0,7 20
428 0,7 20
429 0,7 20
430 0,7 20
431 0,7 20
432 0,7 20
433 0,7 20
434 0,7 20
435 0,7 20
436 0,7 20
437 0,7 20
438 0,7 20
439 0,7 20
440 0,7 20
441 0,7 20
442 0,7 20
443 0,7 20
444 0,7 20
445 0,7 20
446 0,7 20
447 0,7 20
448 0,7 20
449 0,7 20
450 0,7 20
451 0,7 20
452 0,7 20
453 0,7 20
454 0,7 20
455 0,7 20
456 0,7 20
457 0,7 20
458 0,7 20
459 0,7 20
460 0,7 20
461 0,7 20
462 0,7 20
463 0,7 20
464 0,7 20
465 0,7 20
466 0,7 20
467 0,7 20
468 0,7 20
469 0,7 20
470 0,7 20
471 0,7 20
472 0,7 20
473 0,7 20
474 0,7 20
475 0,7 20
476 0,7 20
477 0,7 20
478 0,7 20
479 0,7 20
480 0,7 20
481 0,7 20
482 0,7 20
483 0,7 20
484 0,7 20
485 0,7 20
486 0,7 20
487 0,7 20
488 0,7 20
489 0,7 20
490 0,7 20
491 0,7 20
492 0,7 20
493 0,7 20
494 0,7 20
495 0,7 20
496 0,7 20
497 0,7 20
498 0,7 20
499 0,7 20
500 0,7 20
501 0,7 20
502 0,7 20
503 0,7 20
504 0,7 20
505 0,7 20
506 0,7 20
507 0,7 20
508 0,7 20
509 0,7 20
510 0,7 20
511 0,7 20
512 0,7 20
513 0,7 20
514 0,7 20
515 0,7 20
516 0,7 20
517 0,7 20
518 0,7 20
519 0,7 20
520 0,7 20
521 0,7 20
522 0,7 20
523 0,7 20
524 0,7 20
525 0,7 20
526 0,7 20
527 0,7 20
528 0,7 20
529 0,7 20
530 0,7 20
531 0,7 20
532 0,7 20
533 0,7 20
534 0,7 20
535 0,7 20
536 0,7 20
537 0,7 20
538 0,7 20
539 0,7 20
540 0,7 20
541 0,7 20
542 0,7 20
543 0,7 20
544 0,7 20
545 0,7 20
546 0,7 20
547 0,7 20
548 0,7 20
549 0,7 20
550 0,7 20
551 0,7 20
552 0,7 20
553 0,7 20
554 0,7 20
555 0,7 20
556 0,7 20
557 0,7 20
558 0,7 20
559 0,7 20
560 0,7 20
561 0,7 20
562 0,7 20
563 0,7 20
564 0,7 20
565 0,7 20
566 0,7 20
567 0,7 20
568 0,7 20
569 0,7 20
570 0,7 20
571 0,7 20
572 0,7 20
573 0,7 20
574 0,7 20
575 0,7 20
576 0,7 20
577 0,7 20
578 0,7 20
579 0,7 20
580 0,7 20
581 0,7 20
582 0,7 20
583 0,7 20
584 0,7 20
585 0,7 20
586 0,7 20
587 0,7 20
588 0,7 20
589 0,7 20
590 0,7 20
591 0,7 20
592 0,7 20
593 0,7 20
594 0,7 20
595 0,7 20
596 0,7 20
597 0,7 20
598 0,7 20
599 0,7 20
0 0,8 817
1 0,8 2
2 0,8 0
3 0,8 0
4 0,8 0
5 0,8 0
6 0,8 0
7 0,8 0
8 0,8 0
9 0,8 0
10 0,8 0
11 0,8 0
12 0,8 0
13 0,8 0
14 0,8 0
15 0,8 0
16 0,8 0
17 0,8 0
18 0,8 0
19 0,8 0
20 0,8 0
21 0,8 0
22 0,8 0
23 0,8 0
24 0,8 0
25 0,8 0
26 0,8 0
27 0,8 0
28 0,8 0
29 0,8 0
30 0,8 0
31 0,8 0
32 0,8 0
33 0,8 0
34 0,8 0
35 0,8 0
36 0,8 0
37 0,8 0
38 0,8 0
39 0,8 0
40 0,8 0
41 0,8 0
42 0,8 0
43 0,8 0
44 0,8 0
45 0,8 0
46 0,8 0
47 0,8 0
48 0,8 0
49 0,8 0
50 0,8 0
51 0,8 0
52 0,8 0
53 0,8 0
54 0,8 0
55 0,8 0
56 0,8 0
57 0,8 0
58 0,8 0
59 0,8 0
60 0,8 0
61 0,8 0
62 0,8 0
63 0,8 0
64 0,8 0
65 0,8 0
66 0,8 0
67 0,8 0
68 0,8 0
69 0,8 0
70 0,8 0
71 0,8 0
72 0,8 0
73 0,8 0
74 0,8 0
75 0,8 0
76 0,8 0
77 0,8 0
78 0,8 0
79 0,8 0
80 0,8 0
81 0,8 0
82 0,8 0
83 0,8 0
84 0,8 0
85 0,8 0
86 0,8 0
87 0,8 0
88 0,8 0
89 0,8 0
90 0,8 0
91 0,8 0
92 0,8 0
93 0,8 0
94 0,8 0
95 0,8 0
96 0,8 0
97 0,8 0
98 0,8 0
99 0,8 0
100 0,8 0
101 0,8 0
102 0,8 0
103 0,8 0
104 0,8 0
105 0,8 0
106 0,8 0
107 0,8 0
108 0,8 0
109 0,8 0
110 0,8 0
111 0,8 0
112 0,8 0
113 0,8 0
114 0,8 0
115 0,8 0
116 0,8 0
117 0,8 0
118 0,8 0
119 0,8 0
120 0,8 0
121 0,8 0
122 0,8 0
123 0,8 0
124 0,8 0
125 0,8 0
126 0,8 0
127 0,8 0
128 0,8 0
129 0,8 0
130 0,8 0
131 0,8 0
132 0,8 0
133 0,8 0
134 0,8 0
135 0,8 0
136 0,8 0
137 0,8 0
138 0,8 0
139 0,8 0
140 0,8 0
141 0,8 0
142 0,8 0
143 0,8 0
144 0,8 0
145 0,8 0
146 0,8 0
147 0,8 0
148 0,8 0
149 0,8 0
150 0,8 0
151 0,8 0
152 0,8 0
153 0,8 0
154 0,8 0
155 0,8 0
156 0,8 0
157 0,8 0
158 0,8 0
159 0,8 0
160 0,8 0
161 0,8 0
162 0,8 0
163 0,8 0
164 0,8 0
165 0,8 0
166 0,8 0
167 0,8 0
168 0,8 0
169 0,8 0
170 0,8 0
171 0,8 0
172 0,8 0
173 0,8 0
174 0,8 0
175 0,8 0
176 0,8 0
177 0,8 0
178 0,8 0
179 0,8 0
180 0,8 0
181 0,8 0
182 0,8 0
183 0,8 0
184 0,8 0
185 0,8 0
186 0,8 0
187 0,8 0
188 0,8 0
189 0,8 0
190 0,8 0
191 0,8 0
192 0,8 0
193 0,8 0
194 0,8 0
195 0,8 0
196 0,8 0
197 0,8 0
198 0,8 0
199 0,8 0
200 0,8 0
201 0,8 0
202 0,8 0
203 0,8 0
204 0,8 0
205 0,8 0
206 0,8 0
207 0,8 0
208 0,8 0
209 0,8 0
210 0,8 0
211 0,8 0
212 0,8 0
213 0,8 0
214 0,8 0
215 0,8 0
216 0,8 0
217 0,8 0
218 0,8 0
219 0,8 0
220 0,8 0
221 0,8 0
222 0,8 0
223 0,8 0
224 0,8 0
225 0,8 0
226 0,8 0
227 0,8 0
228 0,8 0
229 0,8 0
230 0,8 0
231 0,8 0
232 0,8 0
233 0,8 0
234 0,8 0
235 0,8 0
236 0,8 0
237 0,8 0
238 0,8 0
239 0,8 0
240 0,8 0
241 0,8 0
242 0,8 0
243 0,8 0
244 0,8 0
245 0,8 0
246 0,8 0
247 0,8 0
248 0,8 0
249 0,8 0
250 0,8 0
251 0,8 0
252 0,8 0
253 0,8 0
254 0,8 0
255 0,8 0
256 0,8 0
257 0,8 0
258 0,8 0
259 0,8 0
260 0,8 0
261 0,8 0
262 0,8 0
263 0,8 0
264 0,8 0
265 0,8 0
266 0,8 0
267 0,8 0
268 0,8 0
269 0,8 0
270 0,8 0
271 0,8 0
272 0,8 0
273 0,8 0
274 0,8 0
275 0,8 0
276 0,8 0
277 0,8 0
278 0,8 0
279 0,8 0
280 0,8 0
281 0,8 0
282 0,8 0
283 0,8 0
284 0,8 0
285 0,8 0
286 0,8 0
287 0,8 0
288 0,8 0
289 0,8 0
290 0,8 0
291 0,8 0
292 0,8 0
293 0,8 0
294 0,8 0
295 0,8 0
296 0,8 0
297 0,8 0
298 0,8 0
299 0,8 0
300 0,8 0
301 0,8 0
302 0,8 0
303 0,8 0
304 0,8 0
305 0,8 0
306 0,8 0
307 0,8 0
308 0,8 0
309 0,8 0
310 0,8 0
311 0,8 0
312 0,8 0
313 0,8 0
314 0,8 0
315 0,8 0
316 0,8 0
317 0,8 0
318 0,8 0
319 0,8 0
320 0,8 0
321 0,8 0
322 0,8 0
323 0,8 0
324 0,8 0
325 0,8 0
326 0,8 0
327 0,8 0
328 0,8 0
329 0,8 0
330 0,8 0
331 0,8 0
332 0,8 0
333 0,8 0
334 0,8 0
335 0,8 0
336 0,8 0
337 0,8 0
338 0,8 0
339 0,8 0
340 0,8 0
341 0,8 0
342 0,8 0
343 0,8 0
344 0,8 0
345 0,8 0
346 0,8 0
347 0,8 0
348 0,8 0
349 0,8 0
350 0,8 0
351 0,8 0
352 0,8 0
353 0,8 0
354 0,8 0
355 0,8 0
356 0,8 0
357 0,8 0
358 0,8 0
359 0,8 0
360 0,8 0
361 0,8 0
362 0,8 0
363 0,8 0
364 0,8 0
365 0,8 0
366 0,8 0
367 0,8 0
368 0,8 0
369 0,8 0
370 0,8 0
371 0,8 0
372 0,8 0
373 0,8 0
374 0,8 0
375 0,8 0
376 0,8 0
377 0,8 0
378 0,8 0
379 0,8 0
380 0,8 0
381 0,8 0
382 0,8 0
383 0,8 0
384 0,8 0
385 0,8 0
386 0,8 0
387 0,8 0
388 0,8 0
389 0,8 0
390 0,8 0
391 0,8 0
392 0,8 0
393 0,8 0
394 0,8 0
395 0,8 0
396 0,8 0
397 0,8 0
398 0,8 0
399 0,8 0
400 0,8 0
401 0,8 0
402 0,8 0
403 0,8 0
404 0,8 0
405 0,8 0
406 0,8 0
407 0,8 0
408 0,8 0
409 0,8 0
410 0,8 0
411 0,8 0
412 0,8 0
413 0,8 0
414 0,8 0
415 0,8 0
416 0,8 0
417 0,8 0
418 0,8 0
419 0,8 0
420 0,8 0
421 0,8 0
422 0,8 0
423 0,8 0
424 0,8 0
425 0,8 0
426 0,8 0
427 0,8 0
428 0,8 0
429 0,8 0
430 0,8 0
431 0,8 0
432 0,8 0
433 0,8 0
434 0,8 0
435 0,8 0
436 0,8 0
437 0,8 0
438 0,8 0
439 0,8 0
440 0,8 0
441 0,8 0
442 0,8 0
443 0,8 0
444 0,8 0
445 0,8 0
446 0,8 0
447 0,8 0
448 0,8 0
449 0,8 0
450 0,8 0
451 0,8 0
452 0,8 0
453 0,8 0
454 0,8 0
455 0,8 0
456 0,8 0
457 0,8 0
458 0,8 0
459 0,8 0
460 0,8 0
461 0,8 0
462 0,8 0
463 0,8 0
464 0,8 0
465 0,8 0
466 0,8 0
467 0,8 0
468 0,8 0
469 0,8 0
470 0,8 0
471 0,8 0
472 0,8 0
473 0,8 0
474 0,8 0
475 0,8 0
476 0,8 0
477 0,8 0
478 0,8 0
479 0,8 0
480 0,8 0
481 0,8 0
482 0,8 0
483 0,8 0
484 0,8 0
485 0,8 0
486 0,8 0
487 0,8 0
488 0,8 0
489 0,8 0
490 0,8 0
491 0,8 0
492 0,8 0
493 0,8 0
494 0,8 0
495 0,8 0
496 0,8 0
497 0,8 0
498 0,8 0
499 0,8 0
500 0,8 0
501 0,8 0
502 0,8 0
503 0,8 0
504 0,8 0
505 0,8 0
506 0,8 0
507 0,8 0
508 0,8 0
509 0,8 0
510 0,8 0
511 0,8 0
512 0,8 0
513 0,8 0
514 0,8 0
515 0,8 0
516 0,8 0
517 0,8 0
518 0,8 0
519 0,8 0
520 0,8 0
521 0,8 0
522 0,8 0
523 0,8 0
524 0,8 0
525 0,8 0
526 0,8 0
527 0,8 0
528 0,8 0
529 0,8 0
530 0,8 0
531 0,8 0
532 0,8 0
533 0,8 0
534 0,8 0
535 0,8 0
536 0,8 0
537 0,8 0
538 0,8 0
539 0,8 0
540 0,8 0
541 0,8 0
542 0,8 0
543 0,8 0
544 0,8 0
545 0,8 0
546 0,8 0
547 0,8 0
548 0,8 0
549 0,8 0
550 0,8 0
551 0,8 0
552 0,8 0
553 0,8 0
554 0,8 0
555 0,8 0
556 0,8 0
557 0,8 0
558 0,8 0
559 0,8 0
560 0,8 0
561 0,8 0
562 0,8 0
563 0,8 0
564 0,8 0
565 0,8 0
566 0,8 0
567 0,8 0
568 0,8 0
569 0,8 0
570 0,8 0
571 0,8 0
572 0,8 0
573 0,8 0
574 0,8 0
575 0,8 0
576 0,8 0
577 0,8 0
578 0,8 0
579 0,8 0
580 0,8 0
581 0,8 0
582 0,8 0
583 0,8 0
584 0,8 0
585 0,8 0
586 0,8 0
587 0,8 0
588 0,8 0
589 0,8 0
590 0,8 0
591 0,8 0
592 0,8 0
593 0,8 0
594 0,8 0
595 0,8 0
596 0,8 0
597 0,8 0
598 0,8 0
599 0,8 0
0 0,9 893
1 0,9 1
2 0,9 0
3 0,9 0
4 0,9 0
5 0,9 0
6 0,9 0
7 0,9 0
8 0,9 0
9 0,9 0
10 0,9 0
11 0,9 0
12 0,9 0
13 0,9 0
14 0,9 0
15 0,9 0
16 0,9 0
17 0,9 0
18 0,9 0
19 0,9 0
20 0,9 0
21 0,9 0
22 0,9 0
23 0,9 0
24 0,9 0
25 0,9 0
26 0,9 0
27 0,9 0
28 0,9 0
29 0,9 0
30 0,9 0
31 0,9 0
32 0,9 0
33 0,9 0
34 0,9 0
35 0,9 0
36 0,9 0
37 0,9 0
38 0,9 0
39 0,9 0
40 0,9 0
41 0,9 0
42 0,9 0
43 0,9 0
44 0,9 0
45 0,9 0
46 0,9 0
47 0,9 0
48 0,9 0
49 0,9 0
50 0,9 0
51 0,9 0
52 0,9 0
53 0,9 0
54 0,9 0
55 0,9 0
56 0,9 0
57 0,9 0
58 0,9 0
59 0,9 0
60 0,9 0
61 0,9 0
62 0,9 0
63 0,9 0
64 0,9 0
65 0,9 0
66 0,9 0
67 0,9 0
68 0,9 0
69 0,9 0
70 0,9 0
71 0,9 0
72 0,9 0
73 0,9 0
74 0,9 0
75 0,9 0
76 0,9 0
77 0,9 0
78 0,9 0
79 0,9 0
80 0,9 0
81 0,9 0
82 0,9 0
83 0,9 0
84 0,9 0
85 0,9 0
86 0,9 0
87 0,9 0
88 0,9 0
89 0,9 0
90 0,9 0
91 0,9 0
92 0,9 0
93 0,9 0
94 0,9 0
95 0,9 0
96 0,9 0
97 0,9 0
98 0,9 0
99 0,9 0
100 0,9 0
101 0,9 0
102 0,9 0
103 0,9 0
104 0,9 0
105 0,9 0
106 0,9 0
107 0,9 0
108 0,9 0
109 0,9 0
110 0,9 0
111 0,9 0
112 0,9 0
113 0,9 0
114 0,9 0
115 0,9 0
116 0,9 0
117 0,9 0
118 0,9 0
119 0,9 0
120 0,9 0
121 0,9 0
122 0,9 0
123 0,9 0
124 0,9 0
125 0,9 0
126 0,9 0
127 0,9 0
128 0,9 0
129 0,9 0
130 0,9 0
131 0,9 0
132 0,9 0
133 0,9 0
134 0,9 0
135 0,9 0
136 0,9 0
137 0,9 0
138 0,9 0
139 0,9 0
140 0,9 0
141 0,9 0
142 0,9 0
143 0,9 0
144 0,9 0
145 0,9 0
146 0,9 0
147 0,9 0
148 0,9 0
149 0,9 0
150 0,9 0
151 0,9 0
152 0,9 0
153 0,9 0
154 0,9 0
155 0,9 0
156 0,9 0
157 0,9 0
158 0,9 0
159 0,9 0
160 0,9 0
161 0,9 0
162 0,9 0
163 0,9 0
164 0,9 0
165 0,9 0
166 0,9 0
167 0,9 0
168 0,9 0
169 0,9 0
170 0,9 0
171 0,9 0
172 0,9 0
173 0,9 0
174 0,9 0
175 0,9 0
176 0,9 0
177 0,9 0
178 0,9 0
179 0,9 0
180 0,9 0
181 0,9 0
182 0,9 0
183 0,9 0
184 0,9 0
185 0,9 0
186 0,9 0
187 0,9 0
188 0,9 0
189 0,9 0
190 0,9 0
191 0,9 0
192 0,9 0
193 0,9 0
194 0,9 0
195 0,9 0
196 0,9 0
197 0,9 0
198 0,9 0
199 0,9 0
200 0,9 0
201 0,9 0
202 0,9 0
203 0,9 0
204 0,9 0
205 0,9 0
206 0,9 0
207 0,9 0
208 0,9 0
209 0,9 0
210 0,9 0
211 0,9 0
212 0,9 0
213 0,9 0
214 0,9 0
215 0,9 0
216 0,9 0
217 0,9 0
218 0,9 0
219 0,9 0
220 0,9 0
221 0,9 0
222 0,9 0
223 0,9 0
224 0,9 0
225 0,9 0
226 0,9 0
227 0,9 0
228 0,9 0
229 0,9 0
230 0,9 0
231 0,9 0
232 0,9 0
233 0,9 0
234 0,9 0
235 0,9 0
236 0,9 0
237 0,9 0
238 0,9 0
239 0,9 0
240 0,9 0
241 0,9 0
242 0,9 0
243 0,9 0
244 0,9 0
245 0,9 0
246 0,9 0
247 0,9 0
248 0,9 0
249 0,9 0
250 0,9 0
251 0,9 0
252 0,9 0
253 0,9 0
254 0,9 0
255 0,9 0
256 0,9 0
257 0,9 0
258 0,9 0
259 0,9 0
260 0,9 0
261 0,9 0
262 0,9 0
263 0,9 0
264 0,9 0
265 0,9 0
266 0,9 0
267 0,9 0
268 0,9 0
269 0,9 0
270 0,9 0
271 0,9 0
272 0,9 0
273 0,9 0
274 0,9 0
275 0,9 0
276 0,9 0
277 0,9 0
278 0,9 0
279 0,9 0
280 0,9 0
281 0,9 0
282 0,9 0
283 0,9 0
284 0,9 0
285 0,9 0
286 0,9 0
287 0,9 0
288 0,9 0
289 0,9 0
290 0,9 0
291 0,9 0
292 0,9 0
293 0,9 0
294 0,9 0
295 0,9 0
296 0,9 0
297 0,9 0
298 0,9 0
299 0,9 0
300 0,9 0
301 0,9 0
302 0,9 0
303 0,9 0
304 0,9 0
305 0,9 0
306 0,9 0
307 0,9 0
308 0,9 0
309 0,9 0
310 0,9 0
311 0,9 0
312 0,9 0
313 0,9 0
314 0,9 0
315 0,9 0
316 0,9 0
317 0,9 0
318 0,9 0
319 0,9 0
320 0,9 0
321 0,9 0
322 0,9 0
323 0,9 0
324 0,9 0
325 0,9 0
326 0,9 0
327 0,9 0
328 0,9 0
329 0,9 0
330 0,9 0
331 0,9 0
332 0,9 0
333 0,9 0
334 0,9 0
335 0,9 0
336 0,9 0
337 0,9 0
338 0,9 0
339 0,9 0
340 0,9 0
341 0,9 0
342 0,9 0
343 0,9 0
344 0,9 0
345 0,9 0
346 0,9 0
347 0,9 0
348 0,9 0
349 0,9 0
350 0,9 0
351 0,9 0
352 0,9 0
353 0,9 0
354 0,9 0
355 0,9 0
356 0,9 0
357 0,9 0
358 0,9 0
359 0,9 0
360 0,9 0
361 0,9 0
362 0,9 0
363 0,9 0
364 0,9 0
365 0,9 0
366 0,9 0
367 0,9 0
368 0,9 0
369 0,9 0
370 0,9 0
371 0,9 0
372 0,9 0
373 0,9 0
374 0,9 0
375 0,9 0
376 0,9 0
377 0,9 0
378 0,9 0
379 0,9 0
380 0,9 0
381 0,9 0
382 0,9 0
383 0,9 0
384 0,9 0
385 0,9 0
386 0,9 0
387 0,9 0
388 0,9 0
389 0,9 0
390 0,9 0
391 0,9 0
392 0,9 0
393 0,9 0
394 0,9 0
395 0,9 0
396 0,9 0
397 0,9 0
398 0,9 0
399 0,9 0
400 0,9 0
401 0,9 0
402 0,9 0
403 0,9 0
404 0,9 0
405 0,9 0
406 0,9 0
407 0,9 0
408 0,9 0
409 0,9 0
410 0,9 0
411 0,9 0
412 0,9 0
413 0,9 0
414 0,9 0
415 0,9 0
416 0,9 0
417 0,9 0
418 0,9 0
419 0,9 0
420 0,9 0
421 0,9 0
422 0,9 0
423 0,9 0
424 0,9 0
425 0,9 0
426 0,9 0
427 0,9 0
428 0,9 0
429 0,9 0
430 0,9 0
431 0,9 0
432 0,9 0
433 0,9 0
434 0,9 0
435 0,9 0
436 0,9 0
437 0,9 0
438 0,9 0
439 0,9 0
440 0,9 0
441 0,9 0
442 0,9 0
443 0,9 0
444 0,9 0
445 0,9 0
446 0,9 0
447 0,9 0
448 0,9 0
449 0,9 0
450 0,9 0
451 0,9 0
452 0,9 0
453 0,9 0
454 0,9 0
455 0,9 0
456 0,9 0
457 0,9 0
458 0,9 0
459 0,9 0
460 0,9 0
461 0,9 0
462 0,9 0
463 0,9 0
464 0,9 0
465 0,9 0
466 0,9 0
467 0,9 0
468 0,9 0
469 0,9 0
470 0,9 0
471 0,9 0
472 0,9 0
473 0,9 0
474 0,9 0
475 0,9 0
476 0,9 0
477 0,9 0
478 0,9 0
479 0,9 0
480 0,9 0
481 0,9 0
482 0,9 0
483 0,9 0
484 0,9 0
485 0,9 0
486 0,9 0
487 0,9 0
488 0,9 0
489 0,9 0
490 0,9 0
491 0,9 0
492 0,9 0
493 0,9 0
494 0,9 0
495 0,9 0
496 0,9 0
497 0,9 0
498 0,9 0
499 0,9 0
500 0,9 0
501 0,9 0
502 0,9 0
503 0,9 0
504 0,9 0
505 0,9 0
506 0,9 0
507 0,9 0
508 0,9 0
509 0,9 0
510 0,9 0
511 0,9 0
512 0,9 0
513 0,9 0
514 0,9 0
515 0,9 0
516 0,9 0
517 0,9 0
518 0,9 0
519 0,9 0
520 0,9 0
521 0,9 0
522 0,9 0
523 0,9 0
524 0,9 0
525 0,9 0
526 0,9 0
527 0,9 0
528 0,9 0
529 0,9 0
530 0,9 0
531 0,9 0
532 0,9 0
533 0,9 0
534 0,9 0
535 0,9 0
536 0,9 0
537 0,9 0
538 0,9 0
539 0,9 0
540 0,9 0
541 0,9 0
542 0,9 0
543 0,9 0
544 0,9 0
545 0,9 0
546 0,9 0
547 0,9 0
548 0,9 0
549 0,9 0
550 0,9 0
551 0,9 0
552 0,9 0
553 0,9 0
554 0,9 0
555 0,9 0
556 0,9 0
557 0,9 0
558 0,9 0
559 0,9 0
560 0,9 0
561 0,9 0
562 0,9 0
563 0,9 0
564 0,9 0
565 0,9 0
566 0,9 0
567 0,9 0
568 0,9 0
569 0,9 0
570 0,9 0
571 0,9 0
572 0,9 0
573 0,9 0
574 0,9 0
575 0,9 0
576 0,9 0
577 0,9 0
578 0,9 0
579 0,9 0
580 0,9 0
581 0,9 0
582 0,9 0
583 0,9 0
584 0,9 0
585 0,9 0
586 0,9 0
587 0,9 0
588 0,9 0
589 0,9 0
590 0,9 0
591 0,9 0
592 0,9 0
593 0,9 0
594 0,9 0
595 0,9 0
596 0,9 0
597 0,9 0
598 0,9 0
599 0,9 0
