Поколение Плотность Живых_клеток
0 0,1 101
1 0,1 45
2 0,1 29
3 0,1 30
4 0,1 31
5 0,1 26
6 0,1 26
7 0,1 23
8 0,1 24
9 0,1 28
10 0,1 28
11 0,1 37
12 0,1 29
13 0,1 32
14 0,1 35
15 0,1 37
16 0,1 32
17 0,1 35
18 0,1 34
19 0,1 35
20 0,1 36
21 0,1 39
22 0,1 44
23 0,1 45
24 0,1 43
25 0,1 40
26 0,1 42
27 0,1 42
28 0,1 50
29 0,1 51
30 0,1 55
31 0,1 52
32 0,1 64
33 0,1 60
34 0,1 57
35 0,1 60
36 0,1 62
37 0,1 74
38 0,1 74
39 0,1 78
40 0,1 75
41 0,1 72
42 0,1 84
43 0,1 83
44 0,1 91
45 0,1 90
46 0,1 90
47 0,1 88
48 0,1 91
49 0,1 95
50 0,1 86
51 0,1 75
52 0,1 73
53 0,1 81
54 0,1 74
55 0,1 77
56 0,1 73
57 0,1 69
58 0,1 57
59 0,1 54
60 0,1 56
61 0,1 58
62 0,1 56
63 0,1 61
64 0,1 47
65 0,1 43
66 0,1 37
67 0,1 37
68 0,1 34
69 0,1 37
70 0,1 37
71 0,1 45
72 0,1 37
73 0,1 37
74 0,1 37
75 0,1 37
76 0,1 37
77 0,1 37
78 0,1 37
79 0,1 37
80 0,1 37
81 0,1 37
82 0,1 37
83 0,1 37
84 0,1 37
85 0,1 37
86 0,1 37
87 0,1 37
88 0,1 37
89 0,1 37
90 0,1 37
91 0,1 37
92 0,1 37
93 0,1 37
94 0,1 37
95 0,1 37
96 0,1 37
97 0,1 37
98 0,1 37
99 0,1 37
100 0,1 37
101 0,1 37
102 0,1 37
103 0,1 37
104 0,1 37
105 0,1 37
106 0,1 37
107 0,1 37
108 0,1 37
109 0,1 37
110 0,1 37
111 0,1 37
112 0,1 37
113 0,1 37
114 0,1 37
115 0,1 37
116 0,1 37
117 0,1 37
118 0,1 37
119 0,1 37
120 0,1 37
121 0,1 37
122 0,1 37
123 0,1 37
124 0,1 37
125 0,1 37
126 0,1 37
127 0,1 37
128 0,1 37
129 0,1 37
130 0,1 37
131 0,1 37
132 0,1 37
133 0,1 37
134 0,1 37
135 0,1 37
136 0,1 37
137 0,1 37
138 0,1 37
139 0,1 37
140 0,1 37
141 0,1 37
142 0,1 37
143 0,1 37
144 0,1 37
145 0,1 37
146 0,1 37
147 0,1 37
148 0,1 37
149 0,1 37
150 0,1 37
151 0,1 37
152 0,1 37
153 0,1 37
154 0,1 37
155 0,1 37
156 0,1 37
157 0,1 37
158 0,1 37
159 0,1 37
160 0,1 37
161 0,1 37
162 0,1 37
163 0,1 37
164 0,1 37
165 0,1 37
166 0,1 37
167 0,1 37
168 0,1 37
169 0,1 37
170 0,1 37
171 0,1 37
172 0,1 37
173 0,1 37
174 0,1 37
175 0,1 37
176 0,1 37
177 0,1 37
178 0,1 37
179 0,1 37
180 0,1 37
181 0,1 37
182 0,1 37
183 0,1 37
184 0,1 37
185 0,1 37
186 0,1 37
187 0,1 37
188 0,1 37
189 0,1 37
190 0,1 37
191 0,1 37
192 0,1 37
193 0,1 37
194 0,1 37
195 0,1 37
196 0,1 37
197 0,1 37
198 0,1 37
199 0,1 37
200 0,1 37
201 0,1 37
202 0,1 37
203 0,1 37
204 0,1 37
205 0,1 37
206 0,1 37
207 0,1 37
208 0,1 37
209 0,1 37
210 0,1 37
211 0,1 37
212 0,1 37
213 0,1 37
214 0,1 37
215 0,1 37
216 0,1 37
217 0,1 37
218 0,1 37
219 0,1 37
220 0,1 37
221 0,1 37
222 0,1 37
223 0,1 37
224 0,1 37
225 0,1 37
226 0,1 37
227 0,1 37
228 0,1 37
229 0,1 37
230 0,1 37
231 0,1 37
232 0,1 37
233 0,1 37
234 0,1 37
235 0,1 37
236 0,1 37
237 0,1 37
238 0,1 37
239 0,1 37
240 0,1 37
241 0,1 37
242 0,1 37
243 0,1 37
244 0,1 37
245 0,1 37
246 0,1 37
247 0,1 37
248 0,1 37
249 0,1 37
250 0,1 37
251 0,1 37
252 0,1 37
253 0,1 37
254 0,1 37
255 0,1 37
256 0,1 37
257 0,1 37
258 0,1 37
259 0,1 37
260 0,1 37
261 0,1 37
262 0,1 37
263 0,1 37
264 0,1 37
265 0,1 37
266 0,1 37
267 0,1 37
268 0,1 37
269 0,1 37
270 0,1 37
271 0,1 37
272 0,1 37
273 0,1 37
274 0,1 37
275 0,1 37
276 0,1 37
277 0,1 37
278 0,1 37
279 0,1 37
280 0,1 37
281 0,1 37
282 0,1 37
283 0,1 37
284 0,1 37
285 0,1 37
286 0,1 37
287 0,1 37
288 0,1 37
289 0,1 37
290 0,1 37
291 0,1 37
292 0,1 37
293 0,1 37
294 0,1 37
295 0,1 37
296 0,1 37
297 0,1 37
298 0,1 37
299 0,1 37
300 0,1 37
301 0,1 37
302 0,1 37
303 0,1 37
304 0,1 37
305 0,1 37
306 0,1 37
307 0,1 37
308 0,1 37
309 0,1 37
310 0,1 37
311 0,1 37
312 0,1 37
313 0,1 37
314 0,1 37
315 0,1 37
316 0,1 37
317 0,1 37
318 0,1 37
319 0,1 37
320 0,1 37
321 0,1 37
322 0,1 37
323 0,1 37
324 0,1 37
325 0,1 37
326 0,1 37
327 0,1 37
328 0,1 37
329 0,1 37
330 0,1 37
331 0,1 37
332 0,1 37
333 0,1 37
334 0,1 37
335 0,1 37
336 0,1 37
337 0,1 37
338 0,1 37
339 0,1 37
340 0,1 37
341 0,1 37
342 0,1 37
343 0,1 37
344 0,1 37
345 0,1 37
346 0,1 37
347 0,1 37
348 0,1 37
349 0,1 37
350 0,1 37
351 0,1 37
352 0,1 37
353 0,1 37
354 0,1 37
355 0,1 37
356 0,1 37
357 0,1 37
358 0,1 37
359 0,1 37
360 0,1 37
361 0,1 37
362 0,1 37
363 0,1 37
364 0,1 37
365 0,1 37
366 0,1 37
367 0,1 37
368 0,1 37
369 0,1 37
370 0,1 37
371 0,1 37
372 0,1 37
373 0,1 37
374 0,1 37
375 0,1 37
376 0,1 37
377 0,1 37
378 0,1 37
379 0,1 37
380 0,1 37
381 0,1 37
382 0,1 37
383 0,1 37
384 0,1 37
385 0,1 37
386 0,1 37
387 0,1 37
388 0,1 37
389 0,1 37
390 0,1 37
391 0,1 37
392 0,1 37
393 0,1 37
394 0,1 37
395 0,1 37
396 0,1 37
397 0,1 37
398 0,1 37
399 0,1 37
400 0,1 37
401 0,1 37
402 0,1 37
403 0,1 37
404 0,1 37
405 0,1 37
406 0,1 37
407 0,1 37
408 0,1 37
409 0,1 37
410 0,1 37
411 0,1 37
412 0,1 37
413 0,1 37
414 0,1 37
415 0,1 37
416 0,1 37
417 0,1 37
418 0,1 37
419 0,1 37
420 0,1 37
421 0,1 37
422 0,1 37
423 0,1 37
424 0,1 37
425 0,1 37
426 0,1 37
427 0,1 37
428 0,1 37
429 0,1 37
430 0,1 37
431 0,1 37
432 0,1 37
433 0,1 37
434 0,1 37
435 0,1 37
436 0,1 37
437 0,1 37
438 0,1 37
439 0,1 37
440 0,1 37
441 0,1 37
442 0,1 37
443 0,1 37
444 0,1 37
445 0,1 37
446 0,1 37
447 0,1 37
448 0,1 37
449 0,1 37
450 0,1 37
451 0,1 37
452 0,1 37
453 0,1 37
454 0,1 37
455 0,1 37
456 0,1 37
457 0,1 37
458 0,1 37
459 0,1 37
460 0,1 37
461 0,1 37
462 0,1 37
463 0,1 37
464 0,1 37
465 0,1 37
466 0,1 37
467 0,1 37
468 0,1 37
469 0,1 37
470 0,1 37
471 0,1 37
472 0,1 37
473 0,1 37
474 0,1 37
475 0,1 37
476 0,1 37
477 0,1 37
478 0,1 37
479 0,1 37
480 0,1 37
481 0,1 37
482 0,1 37
483 0,1 37
484 0,1 37
485 0,1 37
486 0,1 37
487 0,1 37
488 0,1 37
489 0,1 37
490 0,1 37
491 0,1 37
492 0,1 37
493 0,1 37
494 0,1 37
495 0,1 37
496 0,1 37
497 0,1 37
498 0,1 37
499 0,1 37
500 0,1 37
501 0,1 37
502 0,1 37
503 0,1 37
504 0,1 37
505 0,1 37
506 0,1 37
507 0,1 37
508 0,1 37
509 0,1 37
510 0,1 37
511 0,1 37
512 0,1 37
513 0,1 37
514 0,1 37
515 0,1 37
516 0,1 37
517 0,1 37
518 0,1 37
519 0,1 37
520 0,1 37
521 0,1 37
522 0,1 37
523 0,1 37
524 0,1 37
525 0,1 37
526 0,1 37
527 0,1 37
528 0,1 37
529 0,1 37
530 0,1 37
531 0,1 37
532 0,1 37
533 0,1 37
534 0,1 37
535 0,1 37
536 0,1 37
537 0,1 37
538 0,1 37
539 0,1 37
540 0,1 37
541 0,1 37
542 0,1 37
543 0,1 37
544 0,1 37
545 0,1 37
546 0,1 37
547 0,1 37
548 0,1 37
549 0,1 37
550 0,1 37
551 0,1 37
552 0,1 37
553 0,1 37
554 0,1 37
555 0,1 37
556 0,1 37
557 0,1 37
558 0,1 37
559 0,1 37
560 0,1 37
561 0,1 37
562 0,1 37
563 0,1 37
564 0,1 37
565 0,1 37
566 0,1 37
567 0,1 37
568 0,1 37
569 0,1 37
570 0,1 37
571 0,1 37
572 0,1 37
573 0,1 37
574 0,1 37
575 0,1 37
576 0,1 37
577 0,1 37
578 0,1 37
579 0,1 37
580 0,1 37
581 0,1 37
582 0,1 37
583 0,1 37
584 0,1 37
585 0,1 37
586 0,1 37
587 0,1 37
588 0,1 37
589 0,1 37
590 0,1 37
591 0,1 37
592 0,1 37
593 0,1 37
594 0,1 37
595 0,1 37
596 0,1 37
597 0,1 37
598 0,1 37
599 0,1 37
0 0,2 204
1 0,2 219
2 0,2 197
3 0,2 210
4 0,2 177
5 0,2 192
6 0,2 185
7 0,2 193
8 0,2 183
9 0,2 188
10 0,2 163
11 0,2 148
12 0,2 156
13 0,2 157
14 0,2 175
15 0,2 145
16 0,2 163
17 0,2 163
18 0,2 173
19 0,2 156
20 0,2 154
21 0,2 142
22 0,2 151
23 0,2 139
24 0,2 119
25 0,2 128
26 0,2 108
27 0,2 118
28 0,2 111
29 0,2 123
30 0,2 110
31 0,2 136
32 0,2 132
33 0,2 135
34 0,2 144
35 0,2 131
36 0,2 134
37 0,2 122
38 0,2 110
39 0,2 119
40 0,2 113
41 0,2 127
42 0,2 115
43 0,2 141
44 0,2 135
45 0,2 151
46 0,2 146
47 0,2 145
48 0,2 156
49 0,2 158
50 0,2 185
51 0,2 157
52 0,2 147
53 0,2 141
54 0,2 133
55 0,2 130
56 0,2 137
57 0,2 148
58 0,2 151
59 0,2 150
60 0,2 164
61 0,2 175
62 0,2 183
63 0,2 152
64 0,2 161
65 0,2 152
66 0,2 173
67 0,2 157
68 0,2 153
69 0,2 168
70 0,2 156
71 0,2 149
72 0,2 158
73 0,2 145
74 0,2 131
75 0,2 115
76 0,2 109
77 0,2 108
78 0,2 120
79 0,2 115
80 0,2 118
81 0,2 115
82 0,2 134
83 0,2 123
84 0,2 128
85 0,2 122
86 0,2 112
87 0,2 124
88 0,2 118
89 0,2 126
90 0,2 121
91 0,2 123
92 0,2 128
93 0,2 125
94 0,2 129
95 0,2 117
96 0,2 113
97 0,2 108
98 0,2 115
99 0,2 112
100 0,2 136
101 0,2 106
102 0,2 106
103 0,2 110
104 0,2 98
105 0,2 99
106 0,2 86
107 0,2 107
108 0,2 72
109 0,2 74
110 0,2 66
111 0,2 66
112 0,2 66
113 0,2 67
114 0,2 67
115 0,2 75
116 0,2 65
117 0,2 75
118 0,2 74
119 0,2 73
120 0,2 71
121 0,2 71
122 0,2 61
123 0,2 56
124 0,2 55
125 0,2 58
126 0,2 61
127 0,2 62
128 0,2 61
129 0,2 55
130 0,2 63
131 0,2 48
132 0,2 51
133 0,2 51
134 0,2 59
135 0,2 51
136 0,2 45
137 0,2 50
138 0,2 54
139 0,2 55
140 0,2 46
141 0,2 54
142 0,2 45
143 0,2 42
144 0,2 40
145 0,2 42
146 0,2 40
147 0,2 39
148 0,2 43
149 0,2 41
150 0,2 42
151 0,2 45
152 0,2 44
153 0,2 50
154 0,2 46
155 0,2 52
156 0,2 45
157 0,2 49
158 0,2 48
159 0,2 50
160 0,2 54
161 0,2 51
162 0,2 62
163 0,2 54
164 0,2 64
165 0,2 60
166 0,2 72
167 0,2 61
168 0,2 62
169 0,2 61
170 0,2 59
171 0,2 70
172 0,2 64
173 0,2 70
174 0,2 78
175 0,2 66
176 0,2 68
177 0,2 63
178 0,2 54
179 0,2 64
180 0,2 57
181 0,2 65
182 0,2 55
183 0,2 60
184 0,2 47
185 0,2 44
186 0,2 46
187 0,2 48
188 0,2 51
189 0,2 44
190 0,2 46
191 0,2 45
192 0,2 46
193 0,2 44
194 0,2 44
195 0,2 52
196 0,2 47
197 0,2 50
198 0,2 46
199 0,2 48
200 0,2 53
201 0,2 57
202 0,2 56
203 0,2 53
204 0,2 52
205 0,2 54
206 0,2 50
207 0,2 56
208 0,2 54
209 0,2 53
210 0,2 64
211 0,2 57
212 0,2 71
213 0,2 51
214 0,2 51
215 0,2 45
216 0,2 51
217 0,2 49
218 0,2 53
219 0,2 54
220 0,2 61
221 0,2 65
222 0,2 65
223 0,2 59
224 0,2 60
225 0,2 54
226 0,2 53
227 0,2 68
228 0,2 60
229 0,2 64
230 0,2 59
231 0,2 60
232 0,2 64
233 0,2 64
234 0,2 70
235 0,2 70
236 0,2 73
237 0,2 80
238 0,2 80
239 0,2 75
240 0,2 83
241 0,2 82
242 0,2 76
243 0,2 74
244 0,2 80
245 0,2 70
246 0,2 67
247 0,2 63
248 0,2 70
249 0,2 67
250 0,2 66
251 0,2 62
252 0,2 63
253 0,2 62
254 0,2 55
255 0,2 51
256 0,2 47
257 0,2 48
258 0,2 56
259 0,2 54
260 0,2 59
261 0,2 56
262 0,2 61
263 0,2 63
264 0,2 75
265 0,2 70
266 0,2 70
267 0,2 70
268 0,2 73
269 0,2 72
270 0,2 76
271 0,2 70
272 0,2 60
273 0,2 56
274 0,2 58
275 0,2 65
276 0,2 59
277 0,2 60
278 0,2 66
279 0,2 62
280 0,2 63
281 0,2 70
282 0,2 75
283 0,2 73
284 0,2 75
285 0,2 74
286 0,2 75
287 0,2 82
288 0,2 70
289 0,2 66
290 0,2 68
291 0,2 55
292 0,2 56
293 0,2 59
294 0,2 64
295 0,2 65
296 0,2 72
297 0,2 74
298 0,2 85
299 0,2 80
300 0,2 93
301 0,2 91
302 0,2 100
303 0,2 116
304 0,2 102
305 0,2 116
306 0,2 113
307 0,2 114
308 0,2 122
309 0,2 131
310 0,2 113
311 0,2 103
312 0,2 107
313 0,2 99
314 0,2 102
315 0,2 102
316 0,2 107
317 0,2 99
318 0,2 98
319 0,2 88
320 0,2 96
321 0,2 83
322 0,2 83
323 0,2 71
324 0,2 69
325 0,2 62
326 0,2 78
327 0,2 63
328 0,2 68
329 0,2 60
330 0,2 63
331 0,2 61
332 0,2 64
333 0,2 69
334 0,2 64
335 0,2 67
336 0,2 66
337 0,2 77
338 0,2 61
339 0,2 66
340 0,2 58
341 0,2 64
342 0,2 66
343 0,2 66
344 0,2 67
345 0,2 48
346 0,2 44
347 0,2 41
348 0,2 38
349 0,2 41
350 0,2 38
351 0,2 35
352 0,2 38
353 0,2 38
354 0,2 40
355 0,2 46
356 0,2 44
357 0,2 48
358 0,2 50
359 0,2 42
360 0,2 52
361 0,2 48
362 0,2 52
363 0,2 56
364 0,2 68
365 0,2 62
366 0,2 76
367 0,2 54
368 0,2 46
369 0,2 48
370 0,2 60
371 0,2 60
372 0,2 68
373 0,2 63
374 0,2 63
375 0,2 84
376 0,2 64
377 0,2 68
378 0,2 60
379 0,2 65
380 0,2 60
381 0,2 66
382 0,2 58
383 0,2 56
384 0,2 56
385 0,2 62
386 0,2 62
387 0,2 83
388 0,2 54
389 0,2 61
390 0,2 52
391 0,2 55
392 0,2 44
393 0,2 45
394 0,2 42
395 0,2 40
396 0,2 48
397 0,2 41
398 0,2 45
399 0,2 48
400 0,2 56
401 0,2 46
402 0,2 51
403 0,2 46
404 0,2 53
405 0,2 45
406 0,2 44
407 0,2 45
408 0,2 40
409 0,2 45
410 0,2 45
411 0,2 50
412 0,2 58
413 0,2 43
414 0,2 50
415 0,2 44
416 0,2 47
417 0,2 43
418 0,2 48
419 0,2 44
420 0,2 43
421 0,2 43
422 0,2 44
423 0,2 39
424 0,2 50
425 0,2 38
426 0,2 45
427 0,2 42
428 0,2 47
429 0,2 46
430 0,2 45
431 0,2 50
432 0,2 42
433 0,2 46
434 0,2 39
435 0,2 39
436 0,2 31
437 0,2 25
438 0,2 25
439 0,2 26
440 0,2 29
441 0,2 33
442 0,2 34
443 0,2 28
444 0,2 26
445 0,2 36
446 0,2 27
447 0,2 30
448 0,2 26
449 0,2 26
450 0,2 28
451 0,2 33
452 0,2 30
453 0,2 33
454 0,2 36
455 0,2 36
456 0,2 35
457 0,2 37
458 0,2 29
459 0,2 28
460 0,2 32
461 0,2 34
462 0,2 36
463 0,2 35
464 0,2 41
465 0,2 38
466 0,2 31
467 0,2 32
468 0,2 31
469 0,2 34
470 0,2 35
471 0,2 35
472 0,2 34
473 0,2 40
474 0,2 47
475 0,2 44
476 0,2 54
477 0,2 40
478 0,2 42
479 0,2 43
480 0,2 35
481 0,2 36
482 0,2 34
483 0,2 30
484 0,2 32
485 0,2 36
486 0,2 38
487 0,2 36
488 0,2 39
489 0,2 36
490 0,2 45
491 0,2 36
492 0,2 35
493 0,2 36
494 0,2 48
495 0,2 36
496 0,2 37
497 0,2 37
498 0,2 49
499 0,2 42
500 0,2 34
501 0,2 40
502 0,2 40
503 0,2 43
504 0,2 37
505 0,2 37
506 0,2 36
507 0,2 38
508 0,2 46
509 0,2 43
510 0,2 49
511 0,2 35
512 0,2 36
513 0,2 30
514 0,2 35
515 0,2 33
516 0,2 45
517 0,2 36
518 0,2 39
519 0,2 37
520 0,2 38
521 0,2 40
522 0,2 38
523 0,2 43
524 0,2 42
525 0,2 44
526 0,2 41
527 0,2 35
528 0,2 31
529 0,2 29
530 0,2 29
531 0,2 30
532 0,2 27
533 0,2 25
534 0,2 29
535 0,2 29
536 0,2 30
537 0,2 39
538 0,2 35
539 0,2 38
540 0,2 43
541 0,2 38
542 0,2 38
543 0,2 40
544 0,2 43
545 0,2 46
546 0,2 44
547 0,2 44
548 0,2 47
549 0,2 48
550 0,2 60
551 0,2 59
552 0,2 51
553 0,2 55
554 0,2 59
555 0,2 47
556 0,2 39
557 0,2 40
558 0,2 39
559 0,2 45
560 0,2 40
561 0,2 59
562 0,2 43
563 0,2 57
564 0,2 47
565 0,2 46
566 0,2 49
567 0,2 52
568 0,2 48
569 0,2 43
570 0,2 42
571 0,2 44
572 0,2 49
573 0,2 54
574 0,2 57
575 0,2 72
576 0,2 48
577 0,2 58
578 0,2 60
579 0,2 60
580 0,2 55
581 0,2 43
582 0,2 53
583 0,2 40
584 0,2 41
585 0,2 30
586 0,2 33
587 0,2 35
588 0,2 41
589 0,2 37
590 0,2 38
591 0,2 31
592 0,2 37
593 0,2 38
594 0,2 29
595 0,2 28
596 0,2 32
597 0,2 32
598 0,2 38
599 0,2 39
0 0,3 314
1 0,3 361
2 0,3 283
3 0,3 304
4 0,3 241
5 0,3 246
6 0,3 241
7 0,3 243
8 0,3 237
9 0,3 239
10 0,3 230
11 0,3 244
12 0,3 207
13 0,3 210
14 0,3 199
15 0,3 194
16 0,3 163
17 0,3 154
18 0,3 160
19 0,3 150
20 0,3 147
21 0,3 139
22 0,3 129
23 0,3 126
24 0,3 99
25 0,3 90
26 0,3 85
27 0,3 85
28 0,3 81
29 0,3 80
30 0,3 85
31 0,3 82
32 0,3 66
33 0,3 67
34 0,3 61
35 0,3 55
36 0,3 55
37 0,3 64
38 0,3 64
39 0,3 68
40 0,3 77
41 0,3 69
42 0,3 80
43 0,3 82
44 0,3 92
45 0,3 84
46 0,3 84
47 0,3 89
48 0,3 83
49 0,3 82
50 0,3 78
51 0,3 84
52 0,3 89
53 0,3 86
54 0,3 87
55 0,3 103
56 0,3 99
57 0,3 93
58 0,3 95
59 0,3 108
60 0,3 114
61 0,3 118
62 0,3 121
63 0,3 125
64 0,3 117
65 0,3 118
66 0,3 103
67 0,3 94
68 0,3 107
69 0,3 109
70 0,3 110
71 0,3 122
72 0,3 102
73 0,3 107
74 0,3 104
75 0,3 119
76 0,3 111
77 0,3 105
78 0,3 127
79 0,3 115
80 0,3 114
81 0,3 101
82 0,3 115
83 0,3 114
84 0,3 121
85 0,3 134
86 0,3 117
87 0,3 118
88 0,3 114
89 0,3 103
90 0,3 111
91 0,3 90
92 0,3 96
93 0,3 92
94 0,3 105
95 0,3 94
96 0,3 100
97 0,3 101
98 0,3 104
99 0,3 119
100 0,3 104
101 0,3 101
102 0,3 91
103 0,3 98
104 0,3 105
105 0,3 112
106 0,3 120
107 0,3 131
108 0,3 131
109 0,3 124
110 0,3 136
111 0,3 119
112 0,3 130
113 0,3 123
114 0,3 124
115 0,3 144
116 0,3 131
117 0,3 142
118 0,3 136
119 0,3 141
120 0,3 148
121 0,3 158
122 0,3 144
123 0,3 152
124 0,3 138
125 0,3 149
126 0,3 147
127 0,3 145
128 0,3 141
129 0,3 145
130 0,3 138
131 0,3 143
132 0,3 137
133 0,3 148
134 0,3 139
135 0,3 119
136 0,3 135
137 0,3 133
138 0,3 139
139 0,3 131
140 0,3 144
141 0,3 131
142 0,3 134
143 0,3 152
144 0,3 158
145 0,3 154
146 0,3 153
147 0,3 170
148 0,3 163
149 0,3 185
150 0,3 172
151 0,3 148
152 0,3 135
153 0,3 136
154 0,3 129
155 0,3 130
156 0,3 133
157 0,3 148
158 0,3 133
159 0,3 143
160 0,3 148
161 0,3 144
162 0,3 140
163 0,3 127
164 0,3 131
165 0,3 121
166 0,3 104
167 0,3 111
168 0,3 101
169 0,3 118
170 0,3 102
171 0,3 99
172 0,3 90
173 0,3 99
174 0,3 86
175 0,3 84
176 0,3 79
177 0,3 83
178 0,3 79
179 0,3 81
180 0,3 89
181 0,3 87
182 0,3 83
183 0,3 87
184 0,3 91
185 0,3 101
186 0,3 102
187 0,3 97
188 0,3 99
189 0,3 102
190 0,3 113
191 0,3 99
192 0,3 99
193 0,3 89
194 0,3 90
195 0,3 101
196 0,3 92
197 0,3 108
198 0,3 92
199 0,3 79
200 0,3 72
201 0,3 71
202 0,3 72
203 0,3 79
204 0,3 63
205 0,3 61
206 0,3 57
207 0,3 58
208 0,3 65
209 0,3 69
210 0,3 74
211 0,3 83
212 0,3 99
213 0,3 80
214 0,3 78
215 0,3 91
216 0,3 77
217 0,3 89
218 0,3 87
219 0,3 110
220 0,3 104
221 0,3 134
222 0,3 123
223 0,3 137
224 0,3 130
225 0,3 129
226 0,3 131
227 0,3 133
228 0,3 135
229 0,3 147
230 0,3 156
231 0,3 168
232 0,3 175
233 0,3 168
234 0,3 164
235 0,3 147
236 0,3 162
237 0,3 154
238 0,3 185
239 0,3 145
240 0,3 170
241 0,3 156
242 0,3 150
243 0,3 160
244 0,3 172
245 0,3 176
246 0,3 163
247 0,3 160
248 0,3 182
249 0,3 161
250 0,3 185
251 0,3 176
252 0,3 173
253 0,3 154
254 0,3 154
255 0,3 142
256 0,3 162
257 0,3 150
258 0,3 163
259 0,3 143
260 0,3 126
261 0,3 117
262 0,3 125
263 0,3 127
264 0,3 119
265 0,3 113
266 0,3 96
267 0,3 93
268 0,3 92
269 0,3 92
270 0,3 78
271 0,3 90
272 0,3 84
273 0,3 86
274 0,3 100
275 0,3 92
276 0,3 89
277 0,3 101
278 0,3 98
279 0,3 96
280 0,3 99
281 0,3 82
282 0,3 83
283 0,3 86
284 0,3 86
285 0,3 72
286 0,3 80
287 0,3 76
288 0,3 88
289 0,3 100
290 0,3 94
291 0,3 85
292 0,3 91
293 0,3 92
294 0,3 97
295 0,3 87
296 0,3 92
297 0,3 95
298 0,3 84
299 0,3 84
300 0,3 73
301 0,3 77
302 0,3 67
303 0,3 75
304 0,3 71
305 0,3 67
306 0,3 65
307 0,3 70
308 0,3 63
309 0,3 51
310 0,3 50
311 0,3 43
312 0,3 43
313 0,3 48
314 0,3 40
315 0,3 47
316 0,3 41
317 0,3 43
318 0,3 41
319 0,3 44
320 0,3 53
321 0,3 50
322 0,3 60
323 0,3 57
324 0,3 65
325 0,3 68
326 0,3 61
327 0,3 72
328 0,3 71
329 0,3 73
330 0,3 69
331 0,3 63
332 0,3 67
333 0,3 53
334 0,3 61
335 0,3 48
336 0,3 44
337 0,3 49
338 0,3 43
339 0,3 54
340 0,3 46
341 0,3 52
342 0,3 47
343 0,3 51
344 0,3 48
345 0,3 51
346 0,3 60
347 0,3 50
348 0,3 45
349 0,3 51
350 0,3 43
351 0,3 40
352 0,3 36
353 0,3 40
354 0,3 34
355 0,3 40
356 0,3 30
357 0,3 34
358 0,3 31
359 0,3 37
360 0,3 33
361 0,3 38
362 0,3 41
363 0,3 53
364 0,3 41
365 0,3 50
366 0,3 48
367 0,3 62
368 0,3 53
369 0,3 56
370 0,3 58
371 0,3 61
372 0,3 65
373 0,3 60
374 0,3 64
375 0,3 63
376 0,3 68
377 0,3 65
378 0,3 77
379 0,3 73
380 0,3 85
381 0,3 76
382 0,3 82
383 0,3 86
384 0,3 86
385 0,3 90
386 0,3 88
387 0,3 94
388 0,3 90
389 0,3 90
390 0,3 79
391 0,3 76
392 0,3 83
393 0,3 66
394 0,3 78
395 0,3 66
396 0,3 65
397 0,3 77
398 0,3 65
399 0,3 66
400 0,3 56
401 0,3 55
402 0,3 48
403 0,3 51
404 0,3 56
405 0,3 60
406 0,3 67
407 0,3 64
408 0,3 76
409 0,3 65
410 0,3 69
411 0,3 63
412 0,3 72
413 0,3 71
414 0,3 65
415 0,3 72
416 0,3 70
417 0,3 79
418 0,3 71
419 0,3 86
420 0,3 94
421 0,3 103
422 0,3 102
423 0,3 100
424 0,3 96
425 0,3 83
426 0,3 83
427 0,3 80
428 0,3 80
429 0,3 88
430 0,3 85
431 0,3 95
432 0,3 79
433 0,3 83
434 0,3 71
435 0,3 65
436 0,3 71
437 0,3 70
438 0,3 66
439 0,3 47
440 0,3 44
441 0,3 39
442 0,3 44
443 0,3 43
444 0,3 47
445 0,3 41
446 0,3 39
447 0,3 36
448 0,3 41
449 0,3 38
450 0,3 36
451 0,3 50
452 0,3 34
453 0,3 35
454 0,3 32
455 0,3 34
456 0,3 36
457 0,3 35
458 0,3 37
459 0,3 31
460 0,3 29
461 0,3 25
462 0,3 27
463 0,3 32
464 0,3 32
465 0,3 35
466 0,3 26
467 0,3 27
468 0,3 23
469 0,3 32
470 0,3 21
471 0,3 19
472 0,3 16
473 0,3 21
474 0,3 18
475 0,3 23
476 0,3 22
477 0,3 27
478 0,3 23
479 0,3 24
480 0,3 25
481 0,3 25
482 0,3 23
483 0,3 18
484 0,3 16
485 0,3 14
486 0,3 16
487 0,3 17
488 0,3 24
489 0,3 18
490 0,3 18
491 0,3 20
492 0,3 22
493 0,3 26
494 0,3 26
495 0,3 34
496 0,3 26
497 0,3 34
498 0,3 24
499 0,3 22
500 0,3 24
501 0,3 16
502 0,3 14
503 0,3 14
504 0,3 18
505 0,3 18
506 0,3 18
507 0,3 18
508 0,3 18
509 0,3 18
510 0,3 18
511 0,3 18
512 0,3 18
513 0,3 18
514 0,3 18
515 0,3 18
516 0,3 18
517 0,3 18
518 0,3 18
519 0,3 18
520 0,3 18
521 0,3 18
522 0,3 18
523 0,3 18
524 0,3 18
525 0,3 18
526 0,3 18
527 0,3 18
528 0,3 18
529 0,3 18
530 0,3 18
531 0,3 18
532 0,3 18
533 0,3 18
534 0,3 18
535 0,3 18
536 0,3 18
537 0,3 18
538 0,3 18
539 0,3 18
540 0,3 18
541 0,3 18
542 0,3 18
543 0,3 18
544 0,3 18
545 0,3 18
546 0,3 18
547 0,3 18
548 0,3 18
549 0,3 18
550 0,3 18
551 0,3 18
552 0,3 18
553 0,3 18
554 0,3 18
555 0,3 18
556 0,3 18
557 0,3 18
558 0,3 18
559 0,3 18
560 0,3 18
561 0,3 18
562 0,3 18
563 0,3 18
564 0,3 18
565 0,3 18
566 0,3 18
567 0,3 18
568 0,3 18
569 0,3 18
570 0,3 18
571 0,3 18
572 0,3 18
573 0,3 18
574 0,3 18
575 0,3 18
576 0,3 18
577 0,3 18
578 0,3 18
579 0,3 18
580 0,3 18
581 0,3 18
582 0,3 18
583 0,3 18
584 0,3 18
585 0,3 18
586 0,3 18
587 0,3 18
588 0,3 18
589 0,3 18
590 0,3 18
591 0,3 18
592 0,3 18
593 0,3 18
594 0,3 18
595 0,3 18
596 0,3 18
597 0,3 18
598 0,3 18
599 0,3 18
0 0,4 396
1 0,4 342
2 0,4 282
3 0,4 297
4 0,4 255
5 0,4 258
6 0,4 235
7 0,4 224
8 0,4 213
9 0,4 212
10 0,4 181
11 0,4 190
12 0,4 193
13 0,4 193
14 0,4 187
15 0,4 213
16 0,4 211
17 0,4 216
18 0,4 220
19 0,4 184
20 0,4 196
21 0,4 172
22 0,4 164
23 0,4 176
24 0,4 166
25 0,4 161
26 0,4 167
27 0,4 150
28 0,4 166
29 0,4 141
30 0,4 152
31 0,4 128
32 0,4 154
33 0,4 152
34 0,4 152
35 0,4 155
36 0,4 160
37 0,4 162
38 0,4 161
39 0,4 160
40 0,4 153
41 0,4 139
42 0,4 145
43 0,4 157
44 0,4 156
45 0,4 157
46 0,4 157
47 0,4 163
48 0,4 153
49 0,4 137
50 0,4 149
51 0,4 156
52 0,4 173
53 0,4 167
54 0,4 173
55 0,4 163
56 0,4 176
57 0,4 160
58 0,4 177
59 0,4 166
60 0,4 176
61 0,4 161
62 0,4 160
63 0,4 177
64 0,4 176
65 0,4 183
66 0,4 156
67 0,4 158
68 0,4 158
69 0,4 161
70 0,4 168
71 0,4 157
72 0,4 159
73 0,4 154
74 0,4 172
75 0,4 159
76 0,4 164
77 0,4 153
78 0,4 143
79 0,4 152
80 0,4 155
81 0,4 140
82 0,4 145
83 0,4 140
84 0,4 129
85 0,4 125
86 0,4 126
87 0,4 123
88 0,4 130
89 0,4 134
90 0,4 144
91 0,4 133
92 0,4 144
93 0,4 126
94 0,4 129
95 0,4 137
96 0,4 137
97 0,4 141
98 0,4 136
99 0,4 137
100 0,4 135
101 0,4 143
102 0,4 119
103 0,4 114
104 0,4 122
105 0,4 142
106 0,4 118
107 0,4 115
108 0,4 124
109 0,4 137
110 0,4 138
111 0,4 145
112 0,4 162
113 0,4 151
114 0,4 153
115 0,4 174
116 0,4 182
117 0,4 165
118 0,4 166
119 0,4 170
120 0,4 171
121 0,4 172
122 0,4 148
123 0,4 151
124 0,4 152
125 0,4 153
126 0,4 178
127 0,4 171
128 0,4 197
129 0,4 185
130 0,4 178
131 0,4 174
132 0,4 173
133 0,4 165
134 0,4 160
135 0,4 165
136 0,4 161
137 0,4 165
138 0,4 144
139 0,4 137
140 0,4 145
141 0,4 147
142 0,4 153
143 0,4 151
144 0,4 151
145 0,4 157
146 0,4 143
147 0,4 133
148 0,4 115
149 0,4 119
150 0,4 126
151 0,4 112
152 0,4 113
153 0,4 134
154 0,4 127
155 0,4 127
156 0,4 122
157 0,4 115
158 0,4 108
159 0,4 121
160 0,4 112
161 0,4 135
162 0,4 111
163 0,4 113
164 0,4 115
165 0,4 106
166 0,4 111
167 0,4 105
168 0,4 113
169 0,4 111
170 0,4 116
171 0,4 113
172 0,4 115
173 0,4 109
174 0,4 102
175 0,4 99
176 0,4 109
177 0,4 97
178 0,4 93
179 0,4 89
180 0,4 82
181 0,4 85
182 0,4 90
183 0,4 84
184 0,4 92
185 0,4 93
186 0,4 79
187 0,4 86
188 0,4 84
189 0,4 92
190 0,4 93
191 0,4 115
192 0,4 109
193 0,4 114
194 0,4 108
195 0,4 112
196 0,4 111
197 0,4 115
198 0,4 111
199 0,4 125
200 0,4 106
201 0,4 117
202 0,4 126
203 0,4 135
204 0,4 121
205 0,4 114
206 0,4 120
207 0,4 122
208 0,4 137
209 0,4 116
210 0,4 129
211 0,4 119
212 0,4 127
213 0,4 128
214 0,4 125
215 0,4 124
216 0,4 130
217 0,4 125
218 0,4 137
219 0,4 123
220 0,4 130
221 0,4 140
222 0,4 122
223 0,4 119
224 0,4 125
225 0,4 128
226 0,4 122
227 0,4 131
228 0,4 139
229 0,4 144
230 0,4 132
231 0,4 144
232 0,4 122
233 0,4 133
234 0,4 134
235 0,4 154
236 0,4 131
237 0,4 133
238 0,4 141
239 0,4 153
240 0,4 127
241 0,4 121
242 0,4 119
243 0,4 110
244 0,4 112
245 0,4 96
246 0,4 87
247 0,4 85
248 0,4 74
249 0,4 80
250 0,4 83
251 0,4 83
252 0,4 92
253 0,4 93
254 0,4 97
255 0,4 108
256 0,4 102
257 0,4 109
258 0,4 107
259 0,4 90
260 0,4 96
261 0,4 101
262 0,4 90
263 0,4 94
264 0,4 95
265 0,4 96
266 0,4 95
267 0,4 96
268 0,4 97
269 0,4 96
270 0,4 89
271 0,4 84
272 0,4 80
273 0,4 74
274 0,4 69
275 0,4 72
276 0,4 64
277 0,4 68
278 0,4 64
279 0,4 56
280 0,4 57
281 0,4 47
282 0,4 42
283 0,4 43
284 0,4 45
285 0,4 51
286 0,4 49
287 0,4 53
288 0,4 46
289 0,4 46
290 0,4 50
291 0,4 42
292 0,4 40
293 0,4 37
294 0,4 35
295 0,4 32
296 0,4 29
297 0,4 29
298 0,4 27
299 0,4 27
300 0,4 27
301 0,4 27
302 0,4 27
303 0,4 27
304 0,4 27
305 0,4 27
306 0,4 27
307 0,4 27
308 0,4 27
309 0,4 27
310 0,4 27
311 0,4 27
312 0,4 27
313 0,4 27
314 0,4 27
315 0,4 27
316 0,4 27
317 0,4 27
318 0,4 27
319 0,4 27
320 0,4 27
321 0,4 27
322 0,4 27
323 0,4 27
324 0,4 27
325 0,4 27
326 0,4 27
327 0,4 27
328 0,4 27
329 0,4 27
330 0,4 27
331 0,4 27
332 0,4 27
333 0,4 27
334 0,4 27
335 0,4 27
336 0,4 27
337 0,4 27
338 0,4 27
339 0,4 27
340 0,4 27
341 0,4 27
342 0,4 27
343 0,4 27
344 0,4 27
345 0,4 27
346 0,4 27
347 0,4 27
348 0,4 27
349 0,4 27
350 0,4 27
351 0,4 27
352 0,4 27
353 0,4 27
354 0,4 27
355 0,4 27
356 0,4 27
357 0,4 27
358 0,4 27
359 0,4 27
360 0,4 27
361 0,4 27
362 0,4 27
363 0,4 27
364 0,4 27
365 0,4 27
366 0,4 27
367 0,4 27
368 0,4 27
369 0,4 27
370 0,4 27
371 0,4 27
372 0,4 27
373 0,4 27
374 0,4 27
375 0,4 27
376 0,4 27
377 0,4 27
378 0,4 27
379 0,4 27
380 0,4 27
381 0,4 27
382 0,4 27
383 0,4 27
384 0,4 27
385 0,4 27
386 0,4 27
387 0,4 27
388 0,4 27
389 0,4 27
390 0,4 27
391 0,4 27
392 0,4 27
393 0,4 27
394 0,4 27
395 0,4 27
396 0,4 27
397 0,4 27
398 0,4 27
399 0,4 27
400 0,4 27
401 0,4 27
402 0,4 27
403 0,4 27
404 0,4 27
405 0,4 27
406 0,4 27
407 0,4 27
408 0,4 27
409 0,4 27
410 0,4 27
411 0,4 27
412 0,4 27
413 0,4 27
414 0,4 27
415 0,4 27
416 0,4 27
417 0,4 27
418 0,4 27
419 0,4 27
420 0,4 27
421 0,4 27
422 0,4 27
423 0,4 27
424 0,4 27
425 0,4 27
426 0,4 27
427 0,4 27
428 0,4 27
429 0,4 27
430 0,4 27
431 0,4 27
432 0,4 27
433 0,4 27
434 0,4 27
435 0,4 27
436 0,4 27
437 0,4 27
438 0,4 27
439 0,4 27
440 0,4 27
441 0,4 27
442 0,4 27
443 0,4 27
444 0,4 27
445 0,4 27
446 0,4 27
447 0,4 27
448 0,4 27
449 0,4 27
450 0,4 27
451 0,4 27
452 0,4 27
453 0,4 27
454 0,4 27
455 0,4 27
456 0,4 27
457 0,4 27
458 0,4 27
459 0,4 27
460 0,4 27
461 0,4 27
462 0,4 27
463 0,4 27
464 0,4 27
465 0,4 27
466 0,4 27
467 0,4 27
468 0,4 27
469 0,4 27
470 0,4 27
471 0,4 27
472 0,4 27
473 0,4 27
474 0,4 27
475 0,4 27
476 0,4 27
477 0,4 27
478 0,4 27
479 0,4 27
480 0,4 27
481 0,4 27
482 0,4 27
483 0,4 27
484 0,4 27
485 0,4 27
486 0,4 27
487 0,4 27
488 0,4 27
489 0,4 27
490 0,4 27
491 0,4 27
492 0,4 27
493 0,4 27
494 0,4 27
495 0,4 27
496 0,4 27
497 0,4 27
498 0,4 27
499 0,4 27
500 0,4 27
501 0,4 27
502 0,4 27
503 0,4 27
504 0,4 27
505 0,4 27
506 0,4 27
507 0,4 27
508 0,4 27
509 0,4 27
510 0,4 27
511 0,4 27
512 0,4 27
513 0,4 27
514 0,4 27
515 0,4 27
516 0,4 27
517 0,4 27
518 0,4 27
519 0,4 27
520 0,4 27
521 0,4 27
522 0,4 27
523 0,4 27
524 0,4 27
525 0,4 27
526 0,4 27
527 0,4 27
528 0,4 27
529 0,4 27
530 0,4 27
531 0,4 27
532 0,4 27
533 0,4 27
534 0,4 27
535 0,4 27
536 0,4 27
537 0,4 27
538 0,4 27
539 0,4 27
540 0,4 27
541 0,4 27
542 0,4 27
543 0,4 27
544 0,4 27
545 0,4 27
546 0,4 27
547 0,4 27
548 0,4 27
549 0,4 27
550 0,4 27
551 0,4 27
552 0,4 27
553 0,4 27
554 0,4 27
555 0,4 27
556 0,4 27
557 0,4 27
558 0,4 27
559 0,4 27
560 0,4 27
561 0,4 27
562 0,4 27
563 0,4 27
564 0,4 27
565 0,4 27
566 0,4 27
567 0,4 27
568 0,4 27
569 0,4 27
570 0,4 27
571 0,4 27
572 0,4 27
573 0,4 27
574 0,4 27
575 0,4 27
576 0,4 27
577 0,4 27
578 0,4 27
579 0,4 27
580 0,4 27
581 0,4 27
582 0,4 27
583 0,4 27
584 0,4 27
585 0,4 27
586 0,4 27
587 0,4 27
588 0,4 27
589 0,4 27
590 0,4 27
591 0,4 27
592 0,4 27
593 0,4 27
594 0,4 27
595 0,4 27
596 0,4 27
597 0,4 27
598 0,4 27
599 0,4 27
0 0,5 505
1 0,5 280
2 0,5 253
3 0,5 252
4 0,5 267
5 0,5 265
6 0,5 250
7 0,5 216
8 0,5 235
9 0,5 227
10 0,5 229
11 0,5 233
12 0,5 222
13 0,5 231
14 0,5 229
15 0,5 229
16 0,5 201
17 0,5 219
18 0,5 194
19 0,5 198
20 0,5 179
21 0,5 202
22 0,5 158
23 0,5 168
24 0,5 157
25 0,5 186
26 0,5 184
27 0,5 187
28 0,5 187
29 0,5 175
30 0,5 164
31 0,5 189
32 0,5 152
33 0,5 159
34 0,5 133
35 0,5 151
36 0,5 115
37 0,5 125
38 0,5 118
39 0,5 113
40 0,5 105
41 0,5 103
42 0,5 99
43 0,5 94
44 0,5 85
45 0,5 89
46 0,5 85
47 0,5 84
48 0,5 82
49 0,5 84
50 0,5 86
51 0,5 97
52 0,5 102
53 0,5 108
54 0,5 102
55 0,5 97
56 0,5 89
57 0,5 91
58 0,5 92
59 0,5 81
60 0,5 84
61 0,5 84
62 0,5 91
63 0,5 97
64 0,5 86
65 0,5 90
66 0,5 88
67 0,5 92
68 0,5 81
69 0,5 96
70 0,5 84
71 0,5 77
72 0,5 73
73 0,5 80
74 0,5 72
75 0,5 74
76 0,5 68
77 0,5 62
78 0,5 62
79 0,5 63
80 0,5 58
81 0,5 54
82 0,5 59
83 0,5 54
84 0,5 59
85 0,5 51
86 0,5 47
87 0,5 45
88 0,5 46
89 0,5 49
90 0,5 52
91 0,5 52
92 0,5 56
93 0,5 58
94 0,5 68
95 0,5 58
96 0,5 65
97 0,5 60
98 0,5 70
99 0,5 63
100 0,5 79
101 0,5 72
102 0,5 78
103 0,5 63
104 0,5 64
105 0,5 62
106 0,5 60
107 0,5 65
108 0,5 65
109 0,5 72
110 0,5 67
111 0,5 62
112 0,5 67
113 0,5 64
114 0,5 69
115 0,5 73
116 0,5 72
117 0,5 66
118 0,5 70
119 0,5 81
120 0,5 72
121 0,5 76
122 0,5 79
123 0,5 76
124 0,5 85
125 0,5 90
126 0,5 100
127 0,5 83
128 0,5 102
129 0,5 85
130 0,5 109
131 0,5 95
132 0,5 103
133 0,5 90
134 0,5 112
135 0,5 101
136 0,5 127
137 0,5 114
138 0,5 142
139 0,5 123
140 0,5 132
141 0,5 122
142 0,5 134
143 0,5 118
144 0,5 111
145 0,5 89
146 0,5 90
147 0,5 100
148 0,5 81
149 0,5 81
150 0,5 74
151 0,5 67
152 0,5 63
153 0,5 64
154 0,5 63
155 0,5 77
156 0,5 83
157 0,5 84
158 0,5 83
159 0,5 86
160 0,5 75
161 0,5 81
162 0,5 91
163 0,5 86
164 0,5 78
165 0,5 76
166 0,5 75
167 0,5 71
168 0,5 64
169 0,5 58
170 0,5 65
171 0,5 70
172 0,5 65
173 0,5 79
174 0,5 57
175 0,5 58
176 0,5 49
177 0,5 50
178 0,5 49
179 0,5 46
180 0,5 49
181 0,5 50
182 0,5 41
183 0,5 43
184 0,5 38
185 0,5 41
186 0,5 41
187 0,5 38
188 0,5 48
189 0,5 38
190 0,5 35
191 0,5 35
192 0,5 35
193 0,5 40
194 0,5 39
195 0,5 46
196 0,5 35
197 0,5 33
198 0,5 36
199 0,5 35
200 0,5 37
201 0,5 39
202 0,5 41
203 0,5 44
204 0,5 44
205 0,5 46
206 0,5 42
207 0,5 41
208 0,5 48
209 0,5 52
210 0,5 52
211 0,5 54
212 0,5 64
213 0,5 52
214 0,5 45
215 0,5 50
216 0,5 47
217 0,5 44
218 0,5 49
219 0,5 44
220 0,5 56
221 0,5 50
222 0,5 59
223 0,5 59
224 0,5 76
225 0,5 68
226 0,5 80
227 0,5 74
228 0,5 82
229 0,5 86
230 0,5 91
231 0,5 85
232 0,5 89
233 0,5 77
234 0,5 96
235 0,5 85
236 0,5 88
237 0,5 88
238 0,5 82
239 0,5 73
240 0,5 71
241 0,5 76
242 0,5 83
243 0,5 89
244 0,5 87
245 0,5 96
246 0,5 90
247 0,5 94
248 0,5 86
249 0,5 89
250 0,5 74
251 0,5 71
252 0,5 72
253 0,5 75
254 0,5 74
255 0,5 79
256 0,5 79
257 0,5 84
258 0,5 101
259 0,5 81
260 0,5 83
261 0,5 82
262 0,5 88
263 0,5 83
264 0,5 81
265 0,5 102
266 0,5 87
267 0,5 98
268 0,5 94
269 0,5 120
270 0,5 89
271 0,5 99
272 0,5 96
273 0,5 113
274 0,5 103
275 0,5 88
276 0,5 87
277 0,5 90
278 0,5 87
279 0,5 96
280 0,5 87
281 0,5 101
282 0,5 83
283 0,5 87
284 0,5 84
285 0,5 83
286 0,5 85
287 0,5 88
288 0,5 86
289 0,5 75
290 0,5 84
291 0,5 92
292 0,5 99
293 0,5 91
294 0,5 95
295 0,5 90
296 0,5 99
297 0,5 85
298 0,5 86
299 0,5 77
300 0,5 72
301 0,5 75
302 0,5 72
303 0,5 86
304 0,5 72
305 0,5 78
306 0,5 89
307 0,5 98
308 0,5 107
309 0,5 101
310 0,5 118
311 0,5 109
312 0,5 113
313 0,5 121
314 0,5 116
315 0,5 107
316 0,5 111
317 0,5 121
318 0,5 117
319 0,5 141
320 0,5 103
321 0,5 118
322 0,5 114
323 0,5 110
324 0,5 111
325 0,5 109
326 0,5 96
327 0,5 93
328 0,5 88
329 0,5 88
330 0,5 102
331 0,5 97
332 0,5 102
333 0,5 114
334 0,5 107
335 0,5 92
336 0,5 75
337 0,5 86
338 0,5 76
339 0,5 71
340 0,5 71
341 0,5 73
342 0,5 65
343 0,5 67
344 0,5 70
345 0,5 64
346 0,5 50
347 0,5 47
348 0,5 38
349 0,5 33
350 0,5 27
351 0,5 26
352 0,5 26
353 0,5 26
354 0,5 26
355 0,5 26
356 0,5 26
357 0,5 26
358 0,5 26
359 0,5 26
360 0,5 26
361 0,5 26
362 0,5 26
363 0,5 26
364 0,5 26
365 0,5 26
366 0,5 26
367 0,5 26
368 0,5 26
369 0,5 26
370 0,5 26
371 0,5 26
372 0,5 26
373 0,5 26
374 0,5 26
375 0,5 26
376 0,5 26
377 0,5 26
378 0,5 26
379 0,5 26
380 0,5 26
381 0,5 26
382 0,5 26
383 0,5 26
384 0,5 26
385 0,5 26
386 0,5 26
387 0,5 26
388 0,5 26
389 0,5 26
390 0,5 26
391 0,5 26
392 0,5 26
393 0,5 26
394 0,5 26
395 0,5 26
396 0,5 26
397 0,5 26
398 0,5 26
399 0,5 26
400 0,5 26
401 0,5 26
402 0,5 26
403 0,5 26
404 0,5 26
405 0,5 26
406 0,5 26
407 0,5 26
408 0,5 26
409 0,5 26
410 0,5 26
411 0,5 26
412 0,5 26
413 0,5 26
414 0,5 26
415 0,5 26
416 0,5 26
417 0,5 26
418 0,5 26
419 0,5 26
420 0,5 26
421 0,5 26
422 0,5 26
423 0,5 26
424 0,5 26
425 0,5 26
426 0,5 26
427 0,5 26
428 0,5 26
429 0,5 26
430 0,5 26
431 0,5 26
432 0,5 26
433 0,5 26
434 0,5 26
435 0,5 26
436 0,5 26
437 0,5 26
438 0,5 26
439 0,5 26
440 0,5 26
441 0,5 26
442 0,5 26
443 0,5 26
444 0,5 26
445 0,5 26
446 0,5 26
447 0,5 26
448 0,5 26
449 0,5 26
450 0,5 26
451 0,5 26
452 0,5 26
453 0,5 26
454 0,5 26
455 0,5 26
456 0,5 26
457 0,5 26
458 0,5 26
459 0,5 26
460 0,5 26
461 0,5 26
462 0,5 26
463 0,5 26
464 0,5 26
465 0,5 26
466 0,5 26
467 0,5 26
468 0,5 26
469 0,5 26
470 0,5 26
471 0,5 26
472 0,5 26
473 0,5 26
474 0,5 26
475 0,5 26
476 0,5 26
477 0,5 26
478 0,5 26
479 0,5 26
480 0,5 26
481 0,5 26
482 0,5 26
483 0,5 26
484 0,5 26
485 0,5 26
486 0,5 26
487 0,5 26
488 0,5 26
489 0,5 26
490 0,5 26
491 0,5 26
492 0,5 26
493 0,5 26
494 0,5 26
495 0,5 26
496 0,5 26
497 0,5 26
498 0,5 26
499 0,5 26
500 0,5 26
501 0,5 26
502 0,5 26
503 0,5 26
504 0,5 26
505 0,5 26
506 0,5 26
507 0,5 26
508 0,5 26
509 0,5 26
510 0,5 26
511 0,5 26
512 0,5 26
513 0,5 26
514 0,5 26
515 0,5 26
516 0,5 26
517 0,5 26
518 0,5 26
519 0,5 26
520 0,5 26
521 0,5 26
522 0,5 26
523 0,5 26
524 0,5 26
525 0,5 26
526 0,5 26
527 0,5 26
528 0,5 26
529 0,5 26
530 0,5 26
531 0,5 26
532 0,5 26
533 0,5 26
534 0,5 26
535 0,5 26
536 0,5 26
537 0,5 26
538 0,5 26
539 0,5 26
540 0,5 26
541 0,5 26
542 0,5 26
543 0,5 26
544 0,5 26
545 0,5 26
546 0,5 26
547 0,5 26
548 0,5 26
549 0,5 26
550 0,5 26
551 0,5 26
552 0,5 26
553 0,5 26
554 0,5 26
555 0,5 26
556 0,5 26
557 0,5 26
558 0,5 26
559 0,5 26
560 0,5 26
561 0,5 26
562 0,5 26
563 0,5 26
564 0,5 26
565 0,5 26
566 0,5 26
567 0,5 26
568 0,5 26
569 0,5 26
570 0,5 26
571 0,5 26
572 0,5 26
573 0,5 26
574 0,5 26
575 0,5 26
576 0,5 26
577 0,5 26
578 0,5 26
579 0,5 26
580 0,5 26
581 0,5 26
582 0,5 26
583 0,5 26
584 0,5 26
585 0,5 26
586 0,5 26
587 0,5 26
588 0,5 26
589 0,5 26
590 0,5 26
591 0,5 26
592 0,5 26
593 0,5 26
594 0,5 26
595 0,5 26
596 0,5 26
597 0,5 26
598 0,5 26
599 0,5 26
0 0,6 592
1 0,6 150
2 0,6 141
3 0,6 138
4 0,6 154
5 0,6 145
6 0,6 148
7 0,6 154
8 0,6 152
9 0,6 137
10 0,6 123
11 0,6 116
12 0,6 96
13 0,6 106
14 0,6 97
15 0,6 113
16 0,6 106
17 0,6 98
18 0,6 100
19 0,6 93
20 0,6 96
21 0,6 85
22 0,6 100
23 0,6 90
24 0,6 103
25 0,6 97
26 0,6 96
27 0,6 104
28 0,6 128
29 0,6 113
30 0,6 116
31 0,6 113
32 0,6 99
33 0,6 93
34 0,6 96
35 0,6 93
36 0,6 96
37 0,6 99
38 0,6 108
39 0,6 114
40 0,6 114
41 0,6 112
42 0,6 127
43 0,6 122
44 0,6 102
45 0,6 108
46 0,6 103
47 0,6 106
48 0,6 114
49 0,6 110
50 0,6 101
51 0,6 101
52 0,6 103
53 0,6 103
54 0,6 118
55 0,6 109
56 0,6 112
57 0,6 99
58 0,6 102
59 0,6 80
60 0,6 78
61 0,6 72
62 0,6 84
63 0,6 77
64 0,6 78
65 0,6 85
66 0,6 76
67 0,6 72
68 0,6 72
69 0,6 75
70 0,6 57
71 0,6 54
72 0,6 41
73 0,6 45
74 0,6 39
75 0,6 44
76 0,6 35
77 0,6 33
78 0,6 33
79 0,6 29
80 0,6 29
81 0,6 31
82 0,6 35
83 0,6 36
84 0,6 48
85 0,6 37
86 0,6 39
87 0,6 42
88 0,6 33
89 0,6 34
90 0,6 33
91 0,6 33
92 0,6 26
93 0,6 32
94 0,6 32
95 0,6 36
96 0,6 36
97 0,6 42
98 0,6 46
99 0,6 45
100 0,6 48
101 0,6 34
102 0,6 38
103 0,6 33
104 0,6 34
105 0,6 34
106 0,6 35
107 0,6 36
108 0,6 42
109 0,6 39
110 0,6 34
111 0,6 35
112 0,6 33
113 0,6 36
114 0,6 35
115 0,6 40
116 0,6 36
117 0,6 44
118 0,6 44
119 0,6 51
120 0,6 44
121 0,6 47
122 0,6 38
123 0,6 41
124 0,6 39
125 0,6 43
126 0,6 38
127 0,6 36
128 0,6 39
129 0,6 38
130 0,6 41
131 0,6 42
132 0,6 44
133 0,6 46
134 0,6 40
135 0,6 42
136 0,6 50
137 0,6 49
138 0,6 50
139 0,6 49
140 0,6 54
141 0,6 55
142 0,6 59
143 0,6 49
144 0,6 43
145 0,6 42
146 0,6 55
147 0,6 45
148 0,6 56
149 0,6 44
150 0,6 39
151 0,6 41
152 0,6 35
153 0,6 30
154 0,6 32
155 0,6 30
156 0,6 30
157 0,6 34
158 0,6 32
159 0,6 30
160 0,6 36
161 0,6 38
162 0,6 43
163 0,6 37
164 0,6 43
165 0,6 39
166 0,6 40
167 0,6 40
168 0,6 46
169 0,6 51
170 0,6 49
171 0,6 50
172 0,6 48
173 0,6 63
174 0,6 44
175 0,6 43
176 0,6 45
177 0,6 47
178 0,6 48
179 0,6 51
180 0,6 54
181 0,6 59
182 0,6 60
183 0,6 67
184 0,6 72
185 0,6 72
186 0,6 69
187 0,6 61
188 0,6 75
189 0,6 67
190 0,6 81
191 0,6 92
192 0,6 87
193 0,6 93
194 0,6 89
195 0,6 78
196 0,6 87
197 0,6 81
198 0,6 84
199 0,6 83
200 0,6 81
201 0,6 86
202 0,6 70
203 0,6 61
204 0,6 67
205 0,6 57
206 0,6 65
207 0,6 58
208 0,6 55
209 0,6 49
210 0,6 53
211 0,6 60
212 0,6 57
213 0,6 66
214 0,6 64
215 0,6 64
216 0,6 59
217 0,6 63
218 0,6 69
219 0,6 76
220 0,6 63
221 0,6 68
222 0,6 65
223 0,6 67
224 0,6 74
225 0,6 56
226 0,6 53
227 0,6 54
228 0,6 52
229 0,6 62
230 0,6 53
231 0,6 55
232 0,6 54
233 0,6 56
234 0,6 53
235 0,6 56
236 0,6 44
237 0,6 51
238 0,6 40
239 0,6 36
240 0,6 32
241 0,6 30
242 0,6 26
243 0,6 25
244 0,6 26
245 0,6 24
246 0,6 34
247 0,6 28
248 0,6 44
249 0,6 36
250 0,6 52
251 0,6 44
252 0,6 52
253 0,6 56
254 0,6 70
255 0,6 35
256 0,6 37
257 0,6 39
258 0,6 38
259 0,6 37
260 0,6 38
261 0,6 35
262 0,6 36
263 0,6 36
264 0,6 38
265 0,6 35
266 0,6 36
267 0,6 37
268 0,6 38
269 0,6 47
270 0,6 35
271 0,6 45
272 0,6 36
273 0,6 41
274 0,6 43
275 0,6 43
276 0,6 46
277 0,6 49
278 0,6 37
279 0,6 45
280 0,6 35
281 0,6 36
282 0,6 37
283 0,6 40
284 0,6 34
285 0,6 40
286 0,6 36
287 0,6 31
288 0,6 31
289 0,6 40
290 0,6 29
291 0,6 33
292 0,6 25
293 0,6 20
294 0,6 20
295 0,6 20
296 0,6 23
297 0,6 24
298 0,6 26
299 0,6 28
300 0,6 30
301 0,6 35
302 0,6 30
303 0,6 36
304 0,6 33
305 0,6 32
306 0,6 22
307 0,6 19
308 0,6 22
309 0,6 15
310 0,6 12
311 0,6 11
312 0,6 12
313 0,6 11
314 0,6 12
315 0,6 13
316 0,6 14
317 0,6 17
318 0,6 16
319 0,6 22
320 0,6 17
321 0,6 24
322 0,6 22
323 0,6 27
324 0,6 32
325 0,6 33
326 0,6 33
327 0,6 39
328 0,6 28
329 0,6 33
330 0,6 30
331 0,6 29
332 0,6 32
333 0,6 35
334 0,6 43
335 0,6 42
336 0,6 38
337 0,6 45
338 0,6 40
339 0,6 39
340 0,6 41
341 0,6 45
342 0,6 41
343 0,6 49
344 0,6 47
345 0,6 45
346 0,6 42
347 0,6 51
348 0,6 46
349 0,6 56
350 0,6 42
351 0,6 52
352 0,6 48
353 0,6 48
354 0,6 54
355 0,6 50
356 0,6 50
357 0,6 50
358 0,6 47
359 0,6 53
360 0,6 53
361 0,6 55
362 0,6 60
363 0,6 52
364 0,6 52
365 0,6 57
366 0,6 57
367 0,6 51
368 0,6 56
369 0,6 48
370 0,6 50
371 0,6 49
372 0,6 53
373 0,6 53
374 0,6 53
375 0,6 62
376 0,6 57
377 0,6 55
378 0,6 64
379 0,6 56
380 0,6 62
381 0,6 58
382 0,6 65
383 0,6 66
384 0,6 63
385 0,6 60
386 0,6 60
387 0,6 63
388 0,6 62
389 0,6 59
390 0,6 67
391 0,6 66
392 0,6 65
393 0,6 65
394 0,6 65
395 0,6 66
396 0,6 79
397 0,6 64
398 0,6 78
399 0,6 62
400 0,6 60
401 0,6 54
402 0,6 59
403 0,6 56
404 0,6 57
405 0,6 57
406 0,6 55
407 0,6 63
408 0,6 59
409 0,6 67
410 0,6 59
411 0,6 67
412 0,6 58
413 0,6 61
414 0,6 64
415 0,6 66
416 0,6 68
417 0,6 71
418 0,6 79
419 0,6 63
420 0,6 66
421 0,6 59
422 0,6 55
423 0,6 51
424 0,6 48
425 0,6 60
426 0,6 57
427 0,6 57
428 0,6 51
429 0,6 59
430 0,6 62
431 0,6 68
432 0,6 68
433 0,6 81
434 0,6 77
435 0,6 77
436 0,6 82
437 0,6 77
438 0,6 91
439 0,6 81
440 0,6 76
441 0,6 79
442 0,6 69
443 0,6 70
444 0,6 76
445 0,6 71
446 0,6 70
447 0,6 64
448 0,6 76
449 0,6 63
450 0,6 55
451 0,6 59
452 0,6 55
453 0,6 59
454 0,6 60
455 0,6 55
456 0,6 73
457 0,6 65
458 0,6 60
459 0,6 53
460 0,6 56
461 0,6 56
462 0,6 50
463 0,6 48
464 0,6 55
465 0,6 48
466 0,6 52
467 0,6 54
468 0,6 52
469 0,6 57
470 0,6 50
471 0,6 43
472 0,6 46
473 0,6 50
474 0,6 45
475 0,6 46
476 0,6 41
477 0,6 46
478 0,6 36
479 0,6 30
480 0,6 28
481 0,6 28
482 0,6 28
483 0,6 28
484 0,6 28
485 0,6 28
486 0,6 28
487 0,6 28
488 0,6 28
489 0,6 28
490 0,6 28
491 0,6 28
492 0,6 28
493 0,6 28
494 0,6 28
495 0,6 28
496 0,6 28
497 0,6 28
498 0,6 28
499 0,6 28
500 0,6 28
501 0,6 28
502 0,6 28
503 0,6 28
504 0,6 28
505 0,6 28
506 0,6 28
507 0,6 28
508 0,6 28
509 0,6 28
510 0,6 28
511 0,6 28
512 0,6 28
513 0,6 28
514 0,6 28
515 0,6 28
516 0,6 28
517 0,6 28
518 0,6 28
519 0,6 28
520 0,6 28
521 0,6 28
522 0,6 28
523 0,6 28
524 0,6 28
525 0,6 28
526 0,6 28
527 0,6 28
528 0,6 28
529 0,6 28
530 0,6 28
531 0,6 28
532 0,6 28
533 0,6 28
534 0,6 28
535 0,6 28
536 0,6 28
537 0,6 28
538 0,6 28
539 0,6 28
540 0,6 28
541 0,6 28
542 0,6 28
543 0,6 28
544 0,6 28
545 0,6 28
546 0,6 28
547 0,6 28
548 0,6 28
549 0,6 28
550 0,6 28
551 0,6 28
552 0,6 28
553 0,6 28
554 0,6 28
555 0,6 28
556 0,6 28
557 0,6 28
558 0,6 28
559 0,6 28
560 0,6 28
561 0,6 28
562 0,6 28
563 0,6 28
564 0,6 28
565 0,6 28
566 0,6 28
567 0,6 28
568 0,6 28
569 0,6 28
570 0,6 28
571 0,6 28
572 0,6 28
573 0,6 28
574 0,6 28
575 0,6 28
576 0,6 28
577 0,6 28
578 0,6 28
579 0,6 28
580 0,6 28
581 0,6 28
582 0,6 28
583 0,6 28
584 0,6 28
585 0,6 28
586 0,6 28
587 0,6 28
588 0,6 28
589 0,6 28
590 0,6 28
591 0,6 28
592 0,6 28
593 0,6 28
594 0,6 28
595 0,6 28
596 0,6 28
597 0,6 28
598 0,6 28
599 0,6 28
0 0,7 703
1 0,7 53
2 0,7 27
3 0,7 15
4 0,7 13
5 0,7 15
6 0,7 14
7 0,7 16
8 0,7 19
9 0,7 21
10 0,7 22
11 0,7 29
12 0,7 15
13 0,7 13
14 0,7 14
15 0,7 15
16 0,7 14
17 0,7 21
18 0,7 11
19 0,7 12
20 0,7 8
21 0,7 5
22 0,7 7
23 0,7 7
24 0,7 7
25 0,7 7
26 0,7 7
27 0,7 7
28 0,7 7
29 0,7 7
30 0,7 7
31 0,7 7
32 0,7 7
33 0,7 7
34 0,7 7
35 0,7 7
36 0,7 7
37 0,7 7
38 0,7 7
39 0,7 7
40 0,7 7
41 0,7 7
42 0,7 7
43 0,7 7
44 0,7 7
45 0,7 7
46 0,7 7
47 0,7 7
48 0,7 7
49 0,7 7
50 0,7 7
51 0,7 7
52 0,7 7
53 0,7 7
54 0,7 7
55 0,7 7
56 0,7 7
57 0,7 7
58 0,7 7
59 0,7 7
60 0,7 7
61 0,7 7
62 0,7 7
63 0,7 7
64 0,7 7
65 0,7 7
66 0,7 7
67 0,7 7
68 0,7 7
69 0,7 7
70 0,7 7
71 0,7 7
72 0,7 7
73 0,7 7
74 0,7 7
75 0,7 7
76 0,7 7
77 0,7 7
78 0,7 7
79 0,7 7
80 0,7 7
81 0,7 7
82 0,7 7
83 0,7 7
84 0,7 7
85 0,7 7
86 0,7 7
87 0,7 7
88 0,7 7
89 0,7 7
90 0,7 7
91 0,7 7
92 0,7 7
93 0,7 7
94 0,7 7
95 0,7 7
96 0,7 7
97 0,7 7
98 0,7 7
99 0,7 7
100 0,7 7
101 0,7 7
102 0,7 7
103 0,7 7
104 0,7 7
105 0,7 7
106 0,7 7
107 0,7 7
108 0,7 7
109 0,7 7
110 0,7 7
111 0,7 7
112 0,7 7
113 0,7 7
114 0,7 7
115 0,7 7
116 0,7 7
117 0,7 7
118 0,7 7
119 0,7 7
120 0,7 7
121 0,7 7
122 0,7 7
123 0,7 7
124 0,7 7
125 0,7 7
126 0,7 7
127 0,7 7
128 0,7 7
129 0,7 7
130 0,7 7
131 0,7 7
132 0,7 7
133 0,7 7
134 0,7 7
135 0,7 7
136 0,7 7
137 0,7 7
138 0,7 7
139 0,7 7
140 0,7 7
141 0,7 7
142 0,7 7
143 0,7 7
144 0,7 7
145 0,7 7
146 0,7 7
147 0,7 7
148 0,7 7
149 0,7 7
150 0,7 7
151 0,7 7
152 0,7 7
153 0,7 7
154 0,7 7
155 0,7 7
156 0,7 7
157 0,7 7
158 0,7 7
159 0,7 7
160 0,7 7
161 0,7 7
162 0,7 7
163 0,7 7
164 0,7 7
165 0,7 7
166 0,7 7
167 0,7 7
168 0,7 7
169 0,7 7
170 0,7 7
171 0,7 7
172 0,7 7
173 0,7 7
174 0,7 7
175 0,7 7
176 0,7 7
177 0,7 7
178 0,7 7
179 0,7 7
180 0,7 7
181 0,7 7
182 0,7 7
183 0,7 7
184 0,7 7
185 0,7 7
186 0,7 7
187 0,7 7
188 0,7 7
189 0,7 7
190 0,7 7
191 0,7 7
192 0,7 7
193 0,7 7
194 0,7 7
195 0,7 7
196 0,7 7
197 0,7 7
198 0,7 7
199 0,7 7
200 0,7 7
201 0,7 7
202 0,7 7
203 0,7 7
204 0,7 7
205 0,7 7
206 0,7 7
207 0,7 7
208 0,7 7
209 0,7 7
210 0,7 7
211 0,7 7
212 0,7 7
213 0,7 7
214 0,7 7
215 0,7 7
216 0,7 7
217 0,7 7
218 0,7 7
219 0,7 7
220 0,7 7
221 0,7 7
222 0,7 7
223 0,7 7
224 0,7 7
225 0,7 7
226 0,7 7
227 0,7 7
228 0,7 7
229 0,7 7
230 0,7 7
231 0,7 7
232 0,7 7
233 0,7 7
234 0,7 7
235 0,7 7
236 0,7 7
237 0,7 7
238 0,7 7
239 0,7 7
240 0,7 7
241 0,7 7
242 0,7 7
243 0,7 7
244 0,7 7
245 0,7 7
246 0,7 7
247 0,7 7
248 0,7 7
249 0,7 7
250 0,7 7
251 0,7 7
252 0,7 7
253 0,7 7
254 0,7 7
255 0,7 7
256 0,7 7
257 0,7 7
258 0,7 7
259 0,7 7
260 0,7 7
261 0,7 7
262 0,7 7
263 0,7 7
264 0,7 7
265 0,7 7
266 0,7 7
267 0,7 7
268 0,7 7
269 0,7 7
270 0,7 7
271 0,7 7
272 0,7 7
273 0,7 7
274 0,7 7
275 0,7 7
276 0,7 7
277 0,7 7
278 0,7 7
279 0,7 7
280 0,7 7
281 0,7 7
282 0,7 7
283 0,7 7
284 0,7 7
285 0,7 7
286 0,7 7
287 0,7 7
288 0,7 7
289 0,7 7
290 0,7 7
291 0,7 7
292 0,7 7
293 0,7 7
294 0,7 7
295 0,7 7
296 0,7 7
297 0,7 7
298 0,7 7
299 0,7 7
300 0,7 7
301 0,7 7
302 0,7 7
303 0,7 7
304 0,7 7
305 0,7 7
306 0,7 7
307 0,7 7
308 0,7 7
309 0,7 7
310 0,7 7
311 0,7 7
312 0,7 7
313 0,7 7
314 0,7 7
315 0,7 7
316 0,7 7
317 0,7 7
318 0,7 7
319 0,7 7
320 0,7 7
321 0,7 7
322 0,7 7
323 0,7 7
324 0,7 7
325 0,7 7
326 0,7 7
327 0,7 7
328 0,7 7
329 0,7 7
330 0,7 7
331 0,7 7
332 0,7 7
333 0,7 7
334 0,7 7
335 0,7 7
336 0,7 7
337 0,7 7
338 0,7 7
339 0,7 7
340 0,7 7
341 0,7 7
342 0,7 7
343 0,7 7
344 0,7 7
345 0,7 7
346 0,7 7
347 0,7 7
348 0,7 7
349 0,7 7
350 0,7 7
351 0,7 7
352 0,7 7
353 0,7 7
354 0,7 7
355 0,7 7
356 0,7 7
357 0,7 7
358 0,7 7
359 0,7 7
360 0,7 7
361 0,7 7
362 0,7 7
363 0,7 7
364 0,7 7
365 0,7 7
366 0,7 7
367 0,7 7
368 0,7 7
369 0,7 7
370 0,7 7
371 0,7 7
372 0,7 7
373 0,7 7
374 0,7 7
375 0,7 7
376 0,7 7
377 0,7 7
378 0,7 7
379 0,7 7
380 0,7 7
381 0,7 7
382 0,7 7
383 0,7 7
384 0,7 7
385 0,7 7
386 0,7 7
387 0,7 7
388 0,7 7
389 0,7 7
390 0,7 7
391 0,7 7
392 0,7 7
393 0,7 7
394 0,7 7
395 0,7 7
396 0,7 7
397 0,7 7
398 0,7 7
399 0,7 7
400 0,7 7
401 0,7 7
402 0,7 7
403 0,7 7
404 0,7 7
405 0,7 7
406 0,7 7
407 0,7 7
408 0,7 7
409 0,7 7
410 0,7 7
411 0,7 7
412 0,7 7
413 0,7 7
414 0,7 7
415 0,7 7
416 0,7 7
417 0,7 7
418 0,7 7
419 0,7 7
420 0,7 7
421 0,7 7
422 0,7 7
423 0,7 7
424 0,7 7
425 0,7 7
426 0,7 7
427 0,7 7
428 0,7 7
429 0,7 7
430 0,7 7
431 0,7 7
432 0,7 7
433 0,7 7
434 0,7 7
435 0,7 7
436 0,7 7
437 0,7 7
438 0,7 7
439 0,7 7
440 0,7 7
441 0,7 7
442 0,7 7
443 0,7 7
444 0,7 7
445 0,7 7
446 0,7 7
447 0,7 7
448 0,7 7
449 0,7 7
450 0,7 7
451 0,7 7
452 0,7 7
453 0,7 7
454 0,7 7
455 0,7 7
456 0,7 7
457 0,7 7
458 0,7 7
459 0,7 7
460 0,7 7
461 0,7 7
462 0,7 7
463 0,7 7
464 0,7 7
465 0,7 7
466 0,7 7
467 0,7 7
468 0,7 7
469 0,7 7
470 0,7 7
471 0,7 7
472 0,7 7
473 0,7 7
474 0,7 7
475 0,7 7
476 0,7 7
477 0,7 7
478 0,7 7
479 0,7 7
480 0,7 7
481 0,7 7
482 0,7 7
483 0,7 7
484 0,7 7
485 0,7 7
486 0,7 7
487 0,7 7
488 0,7 7
489 0,7 7
490 0,7 7
491 0,7 7
492 0,7 7
493 0,7 7
494 0,7 7
495 0,7 7
496 0,7 7
497 0,7 7
498 0,7 7
499 0,7 7
500 0,7 7
501 0,7 7
502 0,7 7
503 0,7 7
504 0,7 7
505 0,7 7
506 0,7 7
507 0,7 7
508 0,7 7
509 0,7 7
510 0,7 7
511 0,7 7
512 0,7 7
513 0,7 7
514 0,7 7
515 0,7 7
516 0,7 7
517 0,7 7
518 0,7 7
519 0,7 7
520 0,7 7
521 0,7 7
522 0,7 7
523 0,7 7
524 0,7 7
525 0,7 7
526 0,7 7
527 0,7 7
528 0,7 7
529 0,7 7
530 0,7 7
531 0,7 7
532 0,7 7
533 0,7 7
534 0,7 7
535 0,7 7
536 0,7 7
537 0,7 7
538 0,7 7
539 0,7 7
540 0,7 7
541 0,7 7
542 0,7 7
543 0,7 7
544 0,7 7
545 0,7 7
546 0,7 7
547 0,7 7
548 0,7 7
549 0,7 7
550 0,7 7
551 0,7 7
552 0,7 7
553 0,7 7
554 0,7 7
555 0,7 7
556 0,7 7
557 0,7 7
558 0,7 7
559 0,7 7
560 0,7 7
561 0,7 7
562 0,7 7
563 0,7 7
564 0,7 7
565 0,7 7
566 0,7 7
567 0,7 7
568 0,7 7
569 0,7 7
570 0,7 7
571 0,7 7
572 0,7 7
573 0,7 7
574 0,7 7
575 0,7 7
576 0,7 7
577 0,7 7
578 0,7 7
579 0,7 7
580 0,7 7
581 0,7 7
582 0,7 7
583 0,7 7
584 0,7 7
585 0,7 7
586 0,7 7
587 0,7 7
588 0,7 7
589 0,7 7
590 0,7 7
591 0,7 7
592 0,7 7
593 0,7 7
594 0,7 7
595 0,7 7
596 0,7 7
597 0,7 7
598 0,7 7
599 0,7 7
0 0,8 787
1 0,8 20
2 0,8 15
3 0,8 14
4 0,8 15
5 0,8 18
6 0,8 18
7 0,8 19
8 0,8 24
9 0,8 22
10 0,8 30
11 0,8 26
12 0,8 23
13 0,8 25
14 0,8 22
15 0,8 30
16 0,8 24
17 0,8 34
18 0,8 24
19 0,8 27
20 0,8 24
21 0,8 26
22 0,8 19
23 0,8 15
24 0,8 14
25 0,8 14
26 0,8 14
27 0,8 14
28 0,8 14
29 0,8 14
30 0,8 14
31 0,8 14
32 0,8 14
33 0,8 14
34 0,8 14
35 0,8 14
36 0,8 14
37 0,8 14
38 0,8 14
39 0,8 14
40 0,8 14
41 0,8 14
42 0,8 14
43 0,8 14
44 0,8 14
45 0,8 14
46 0,8 14
47 0,8 14
48 0,8 14
49 0,8 14
50 0,8 14
51 0,8 14
52 0,8 14
53 0,8 14
54 0,8 14
55 0,8 14
56 0,8 14
57 0,8 14
58 0,8 14
59 0,8 14
60 0,8 14
61 0,8 14
62 0,8 14
63 0,8 14
64 0,8 14
65 0,8 14
66 0,8 14
67 0,8 14
68 0,8 14
69 0,8 14
70 0,8 14
71 0,8 14
72 0,8 14
73 0,8 14
74 0,8 14
75 0,8 14
76 0,8 14
77 0,8 14
78 0,8 14
79 0,8 14
80 0,8 14
81 0,8 14
82 0,8 14
83 0,8 14
84 0,8 14
85 0,8 14
86 0,8 14
87 0,8 14
88 0,8 14
89 0,8 14
90 0,8 14
91 0,8 14
92 0,8 14
93 0,8 14
94 0,8 14
95 0,8 14
96 0,8 14
97 0,8 14
98 0,8 14
99 0,8 14
100 0,8 14
101 0,8 14
102 0,8 14
103 0,8 14
104 0,8 14
105 0,8 14
106 0,8 14
107 0,8 14
108 0,8 14
109 0,8 14
110 0,8 14
111 0,8 14
112 0,8 14
113 0,8 14
114 0,8 14
115 0,8 14
116 0,8 14
117 0,8 14
118 0,8 14
119 0,8 14
120 0,8 14
121 0,8 14
122 0,8 14
123 0,8 14
124 0,8 14
125 0,8 14
126 0,8 14
127 0,8 14
128 0,8 14
129 0,8 14
130 0,8 14
131 0,8 14
132 0,8 14
133 0,8 14
134 0,8 14
135 0,8 14
136 0,8 14
137 0,8 14
138 0,8 14
139 0,8 14
140 0,8 15
141 0,8 16
142 0,8 15
143 0,8 16
144 0,8 15
145 0,8 14
146 0,8 14
147 0,8 16
148 0,8 17
149 0,8 16
150 0,8 20
151 0,8 17
152 0,8 21
153 0,8 17
154 0,8 19
155 0,8 21
156 0,8 20
157 0,8 17
158 0,8 21
159 0,8 21
160 0,8 22
161 0,8 25
162 0,8 30
163 0,8 31
164 0,8 34
165 0,8 30
166 0,8 36
167 0,8 38
168 0,8 30
169 0,8 35
170 0,8 33
171 0,8 25
172 0,8 29
173 0,8 31
174 0,8 44
175 0,8 30
176 0,8 31
177 0,8 25
178 0,8 24
179 0,8 26
180 0,8 24
181 0,8 30
182 0,8 27
183 0,8 35
184 0,8 33
185 0,8 34
186 0,8 30
187 0,8 30
188 0,8 36
189 0,8 28
190 0,8 29
191 0,8 27
192 0,8 30
193 0,8 32
194 0,8 37
195 0,8 39
196 0,8 52
197 0,8 35
198 0,8 36
199 0,8 38
200 0,8 36
201 0,8 48
202 0,8 39
203 0,8 45
204 0,8 48
205 0,8 44
206 0,8 38
207 0,8 46
208 0,8 50
209 0,8 51
210 0,8 43
211 0,8 50
212 0,8 47
213 0,8 47
214 0,8 51
215 0,8 56
216 0,8 55
217 0,8 68
218 0,8 59
219 0,8 64
220 0,8 64
221 0,8 70
222 0,8 70
223 0,8 64
224 0,8 76
225 0,8 65
226 0,8 63
227 0,8 56
228 0,8 58
229 0,8 54
230 0,8 52
231 0,8 44
232 0,8 39
233 0,8 33
234 0,8 36
235 0,8 39
236 0,8 38
237 0,8 46
238 0,8 48
239 0,8 55
240 0,8 54
241 0,8 56
242 0,8 47
243 0,8 58
244 0,8 43
245 0,8 46
246 0,8 43
247 0,8 36
248 0,8 37
249 0,8 36
250 0,8 43
251 0,8 36
252 0,8 36
253 0,8 35
254 0,8 41
255 0,8 36
256 0,8 34
257 0,8 36
258 0,8 29
259 0,8 27
260 0,8 25
261 0,8 23
262 0,8 23
263 0,8 23
264 0,8 23
265 0,8 23
266 0,8 23
267 0,8 23
268 0,8 23
269 0,8 23
270 0,8 23
271 0,8 23
272 0,8 23
273 0,8 23
274 0,8 23
275 0,8 23
276 0,8 23
277 0,8 23
278 0,8 23
279 0,8 23
280 0,8 23
281 0,8 23
282 0,8 23
283 0,8 23
284 0,8 23
285 0,8 23
286 0,8 23
287 0,8 23
288 0,8 23
289 0,8 23
290 0,8 23
291 0,8 23
292 0,8 23
293 0,8 23
294 0,8 23
295 0,8 23
296 0,8 23
297 0,8 23
298 0,8 23
299 0,8 23
300 0,8 23
301 0,8 23
302 0,8 23
303 0,8 23
304 0,8 23
305 0,8 23
306 0,8 23
307 0,8 23
308 0,8 23
309 0,8 23
310 0,8 23
311 0,8 23
312 0,8 23
313 0,8 23
314 0,8 23
315 0,8 23
316 0,8 23
317 0,8 23
318 0,8 23
319 0,8 23
320 0,8 23
321 0,8 23
322 0,8 23
323 0,8 23
324 0,8 23
325 0,8 23
326 0,8 23
327 0,8 23
328 0,8 23
329 0,8 23
330 0,8 23
331 0,8 23
332 0,8 23
333 0,8 23
334 0,8 23
335 0,8 23
336 0,8 23
337 0,8 23
338 0,8 23
339 0,8 23
340 0,8 23
341 0,8 23
342 0,8 23
343 0,8 23
344 0,8 23
345 0,8 23
346 0,8 23
347 0,8 23
348 0,8 23
349 0,8 23
350 0,8 23
351 0,8 23
352 0,8 23
353 0,8 23
354 0,8 23
355 0,8 23
356 0,8 23
357 0,8 23
358 0,8 23
359 0,8 23
360 0,8 23
361 0,8 23
362 0,8 23
363 0,8 23
364 0,8 23
365 0,8 23
366 0,8 23
367 0,8 23
368 0,8 23
369 0,8 23
370 0,8 23
371 0,8 23
372 0,8 23
373 0,8 23
374 0,8 23
375 0,8 23
376 0,8 23
377 0,8 23
378 0,8 23
379 0,8 23
380 0,8 23
381 0,8 23
382 0,8 23
383 0,8 23
384 0,8 23
385 0,8 23
386 0,8 23
387 0,8 23
388 0,8 23
389 0,8 23
390 0,8 23
391 0,8 23
392 0,8 23
393 0,8 23
394 0,8 23
395 0,8 23
396 0,8 23
397 0,8 23
398 0,8 23
399 0,8 23
400 0,8 23
401 0,8 23
402 0,8 23
403 0,8 23
404 0,8 23
405 0,8 23
406 0,8 23
407 0,8 23
408 0,8 23
409 0,8 23
410 0,8 23
411 0,8 23
412 0,8 23
413 0,8 23
414 0,8 23
415 0,8 23
416 0,8 23
417 0,8 23
418 0,8 23
419 0,8 23
420 0,8 23
421 0,8 23
422 0,8 23
423 0,8 23
424 0,8 23
425 0,8 23
426 0,8 23
427 0,8 23
428 0,8 23
429 0,8 23
430 0,8 23
431 0,8 23
432 0,8 23
433 0,8 23
434 0,8 23
435 0,8 23
436 0,8 23
437 0,8 23
438 0,8 23
439 0,8 23
440 0,8 23
441 0,8 23
442 0,8 23
443 0,8 23
444 0,8 23
445 0,8 23
446 0,8 23
447 0,8 23
448 0,8 23
449 0,8 23
450 0,8 23
451 0,8 23
452 0,8 23
453 0,8 23
454 0,8 23
455 0,8 23
456 0,8 23
457 0,8 23
458 0,8 23
459 0,8 23
460 0,8 23
461 0,8 23
462 0,8 23
463 0,8 23
464 0,8 23
465 0,8 23
466 0,8 23
467 0,8 23
468 0,8 23
469 0,8 23
470 0,8 23
471 0,8 23
472 0,8 23
473 0,8 23
474 0,8 23
475 0,8 23
476 0,8 23
477 0,8 23
478 0,8 23
479 0,8 23
480 0,8 23
481 0,8 23
482 0,8 23
483 0,8 23
484 0,8 23
485 0,8 23
486 0,8 23
487 0,8 23
488 0,8 23
489 0,8 23
490 0,8 23
491 0,8 23
492 0,8 23
493 0,8 23
494 0,8 23
495 0,8 23
496 0,8 23
497 0,8 23
498 0,8 23
499 0,8 23
500 0,8 23
501 0,8 23
502 0,8 23
503 0,8 23
504 0,8 23
505 0,8 23
506 0,8 23
507 0,8 23
508 0,8 23
509 0,8 23
510 0,8 23
511 0,8 23
512 0,8 23
513 0,8 23
514 0,8 23
515 0,8 23
516 0,8 23
517 0,8 23
518 0,8 23
519 0,8 23
520 0,8 23
521 0,8 23
522 0,8 23
523 0,8 23
524 0,8 23
525 0,8 23
526 0,8 23
527 0,8 23
528 0,8 23
529 0,8 23
530 0,8 23
531 0,8 23
532 0,8 23
533 0,8 23
534 0,8 23
535 0,8 23
536 0,8 23
537 0,8 23
538 0,8 23
539 0,8 23
540 0,8 23
541 0,8 23
542 0,8 23
543 0,8 23
544 0,8 23
545 0,8 23
546 0,8 23
547 0,8 23
548 0,8 23
549 0,8 23
550 0,8 23
551 0,8 23
552 0,8 23
553 0,8 23
554 0,8 23
555 0,8 23
556 0,8 23
557 0,8 23
558 0,8 23
559 0,8 23
560 0,8 23
561 0,8 23
562 0,8 23
563 0,8 23
564 0,8 23
565 0,8 23
566 0,8 23
567 0,8 23
568 0,8 23
569 0,8 23
570 0,8 23
571 0,8 23
572 0,8 23
573 0,8 23
574 0,8 23
575 0,8 23
576 0,8 23
577 0,8 23
578 0,8 23
579 0,8 23
580 0,8 23
581 0,8 23
582 0,8 23
583 0,8 23
584 0,8 23
585 0,8 23
586 0,8 23
587 0,8 23
588 0,8 23
589 0,8 23
590 0,8 23
591 0,8 23
592 0,8 23
593 0,8 23
594 0,8 23
595 0,8 23
596 0,8 23
597 0,8 23
598 0,8 23
599 0,8 23
0 0,9 905
1 0,9 0
2 0,9 0
3 0,9 0
4 0,9 0
5 0,9 0
6 0,9 0
7 0,9 0
8 0,9 0
9 0,9 0
10 0,9 0
11 0,9 0
12 0,9 0
13 0,9 0
14 0,9 0
15 0,9 0
16 0,9 0
17 0,9 0
18 0,9 0
19 0,9 0
20 0,9 0
21 0,9 0
22 0,9 0
23 0,9 0
24 0,9 0
25 0,9 0
26 0,9 0
27 0,9 0
28 0,9 0
29 0,9 0
30 0,9 0
31 0,9 0
32 0,9 0
33 0,9 0
34 0,9 0
35 0,9 0
36 0,9 0
37 0,9 0
38 0,9 0
39 0,9 0
40 0,9 0
41 0,9 0
42 0,9 0
43 0,9 0
44 0,9 0
45 0,9 0
46 0,9 0
47 0,9 0
48 0,9 0
49 0,9 0
50 0,9 0
51 0,9 0
52 0,9 0
53 0,9 0
54 0,9 0
55 0,9 0
56 0,9 0
57 0,9 0
58 0,9 0
59 0,9 0
60 0,9 0
61 0,9 0
62 0,9 0
63 0,9 0
64 0,9 0
65 0,9 0
66 0,9 0
67 0,9 0
68 0,9 0
69 0,9 0
70 0,9 0
71 0,9 0
72 0,9 0
73 0,9 0
74 0,9 0
75 0,9 0
76 0,9 0
77 0,9 0
78 0,9 0
79 0,9 0
80 0,9 0
81 0,9 0
82 0,9 0
83 0,9 0
84 0,9 0
85 0,9 0
86 0,9 0
87 0,9 0
88 0,9 0
89 0,9 0
90 0,9 0
91 0,9 0
92 0,9 0
93 0,9 0
94 0,9 0
95 0,9 0
96 0,9 0
97 0,9 0
98 0,9 0
99 0,9 0
100 0,9 0
101 0,9 0
102 0,9 0
103 0,9 0
104 0,9 0
105 0,9 0
106 0,9 0
107 0,9 0
108 0,9 0
109 0,9 0
110 0,9 0
111 0,9 0
112 0,9 0
113 0,9 0
114 0,9 0
115 0,9 0
116 0,9 0
117 0,9 0
118 0,9 0
119 0,9 0
120 0,9 0
121 0,9 0
122 0,9 0
123 0,9 0
124 0,9 0
125 0,9 0
126 0,9 0
127 0,9 0
128 0,9 0
129 0,9 0
130 0,9 0
131 0,9 0
132 0,9 0
133 0,9 0
134 0,9 0
135 0,9 0
136 0,9 0
137 0,9 0
138 0,9 0
139 0,9 0
140 0,9 0
141 0,9 0
142 0,9 0
143 0,9 0
144 0,9 0
145 0,9 0
146 0,9 0
147 0,9 0
148 0,9 0
149 0,9 0
150 0,9 0
151 0,9 0
152 0,9 0
153 0,9 0
154 0,9 0
155 0,9 0
156 0,9 0
157 0,9 0
158 0,9 0
159 0,9 0
160 0,9 0
161 0,9 0
162 0,9 0
163 0,9 0
164 0,9 0
165 0,9 0
166 0,9 0
167 0,9 0
168 0,9 0
169 0,9 0
170 0,9 0
171 0,9 0
172 0,9 0
173 0,9 0
174 0,9 0
175 0,9 0
176 0,9 0
177 0,9 0
178 0,9 0
179 0,9 0
180 0,9 0
181 0,9 0
182 0,9 0
183 0,9 0
184 0,9 0
185 0,9 0
186 0,9 0
187 0,9 0
188 0,9 0
189 0,9 0
190 0,9 0
191 0,9 0
192 0,9 0
193 0,9 0
194 0,9 0
195 0,9 0
196 0,9 0
197 0,9 0
198 0,9 0
199 0,9 0
200 0,9 0
201 0,9 0
202 0,9 0
203 0,9 0
204 0,9 0
205 0,9 0
206 0,9 0
207 0,9 0
208 0,9 0
209 0,9 0
210 0,9 0
211 0,9 0
212 0,9 0
213 0,9 0
214 0,9 0
215 0,9 0
216 0,9 0
217 0,9 0
218 0,9 0
219 0,9 0
220 0,9 0
221 0,9 0
222 0,9 0
223 0,9 0
224 0,9 0
225 0,9 0
226 0,9 0
227 0,9 0
228 0,9 0
229 0,9 0
230 0,9 0
231 0,9 0
232 0,9 0
233 0,9 0
234 0,9 0
235 0,9 0
236 0,9 0
237 0,9 0
238 0,9 0
239 0,9 0
240 0,9 0
241 0,9 0
242 0,9 0
243 0,9 0
244 0,9 0
245 0,9 0
246 0,9 0
247 0,9 0
248 0,9 0
249 0,9 0
250 0,9 0
251 0,9 0
252 0,9 0
253 0,9 0
254 0,9 0
255 0,9 0
256 0,9 0
257 0,9 0
258 0,9 0
259 0,9 0
260 0,9 0
261 0,9 0
262 0,9 0
263 0,9 0
264 0,9 0
265 0,9 0
266 0,9 0
267 0,9 0
268 0,9 0
269 0,9 0
270 0,9 0
271 0,9 0
272 0,9 0
273 0,9 0
274 0,9 0
275 0,9 0
276 0,9 0
277 0,9 0
278 0,9 0
279 0,9 0
280 0,9 0
281 0,9 0
282 0,9 0
283 0,9 0
284 0,9 0
285 0,9 0
286 0,9 0
287 0,9 0
288 0,9 0
289 0,9 0
290 0,9 0
291 0,9 0
292 0,9 0
293 0,9 0
294 0,9 0
295 0,9 0
296 0,9 0
297 0,9 0
298 0,9 0
299 0,9 0
300 0,9 0
301 0,9 0
302 0,9 0
303 0,9 0
304 0,9 0
305 0,9 0
306 0,9 0
307 0,9 0
308 0,9 0
309 0,9 0
310 0,9 0
311 0,9 0
312 0,9 0
313 0,9 0
314 0,9 0
315 0,9 0
316 0,9 0
317 0,9 0
318 0,9 0
319 0,9 0
320 0,9 0
321 0,9 0
322 0,9 0
323 0,9 0
324 0,9 0
325 0,9 0
326 0,9 0
327 0,9 0
328 0,9 0
329 0,9 0
330 0,9 0
331 0,9 0
332 0,9 0
333 0,9 0
334 0,9 0
335 0,9 0
336 0,9 0
337 0,9 0
338 0,9 0
339 0,9 0
340 0,9 0
341 0,9 0
342 0,9 0
343 0,9 0
344 0,9 0
345 0,9 0
346 0,9 0
347 0,9 0
348 0,9 0
349 0,9 0
350 0,9 0
351 0,9 0
352 0,9 0
353 0,9 0
354 0,9 0
355 0,9 0
356 0,9 0
357 0,9 0
358 0,9 0
359 0,9 0
360 0,9 0
361 0,9 0
362 0,9 0
363 0,9 0
364 0,9 0
365 0,9 0
366 0,9 0
367 0,9 0
368 0,9 0
369 0,9 0
370 0,9 0
371 0,9 0
372 0,9 0
373 0,9 0
374 0,9 0
375 0,9 0
376 0,9 0
377 0,9 0
378 0,9 0
379 0,9 0
380 0,9 0
381 0,9 0
382 0,9 0
383 0,9 0
384 0,9 0
385 0,9 0
386 0,9 0
387 0,9 0
388 0,9 0
389 0,9 0
390 0,9 0
391 0,9 0
392 0,9 0
393 0,9 0
394 0,9 0
395 0,9 0
396 0,9 0
397 0,9 0
398 0,9 0
399 0,9 0
400 0,9 0
401 0,9 0
402 0,9 0
403 0,9 0
404 0,9 0
405 0,9 0
406 0,9 0
407 0,9 0
408 0,9 0
409 0,9 0
410 0,9 0
411 0,9 0
412 0,9 0
413 0,9 0
414 0,9 0
415 0,9 0
416 0,9 0
417 0,9 0
418 0,9 0
419 0,9 0
420 0,9 0
421 0,9 0
422 0,9 0
423 0,9 0
424 0,9 0
425 0,9 0
426 0,9 0
427 0,9 0
428 0,9 0
429 0,9 0
430 0,9 0
431 0,9 0
432 0,9 0
433 0,9 0
434 0,9 0
435 0,9 0
436 0,9 0
437 0,9 0
438 0,9 0
439 0,9 0
440 0,9 0
441 0,9 0
442 0,9 0
443 0,9 0
444 0,9 0
445 0,9 0
446 0,9 0
447 0,9 0
448 0,9 0
449 0,9 0
450 0,9 0
451 0,9 0
452 0,9 0
453 0,9 0
454 0,9 0
455 0,9 0
456 0,9 0
457 0,9 0
458 0,9 0
459 0,9 0
460 0,9 0
461 0,9 0
462 0,9 0
463 0,9 0
464 0,9 0
465 0,9 0
466 0,9 0
467 0,9 0
468 0,9 0
469 0,9 0
470 0,9 0
471 0,9 0
472 0,9 0
473 0,9 0
474 0,9 0
475 0,9 0
476 0,9 0
477 0,9 0
478 0,9 0
479 0,9 0
480 0,9 0
481 0,9 0
482 0,9 0
483 0,9 0
484 0,9 0
485 0,9 0
486 0,9 0
487 0,9 0
488 0,9 0
489 0,9 0
490 0,9 0
491 0,9 0
492 0,9 0
493 0,9 0
494 0,9 0
495 0,9 0
496 0,9 0
497 0,9 0
498 0,9 0
499 0,9 0
500 0,9 0
501 0,9 0
502 0,9 0
503 0,9 0
504 0,9 0
505 0,9 0
506 0,9 0
507 0,9 0
508 0,9 0
509 0,9 0
510 0,9 0
511 0,9 0
512 0,9 0
513 0,9 0
514 0,9 0
515 0,9 0
516 0,9 0
517 0,9 0
518 0,9 0
519 0,9 0
520 0,9 0
521 0,9 0
522 0,9 0
523 0,9 0
524 0,9 0
525 0,9 0
526 0,9 0
527 0,9 0
528 0,9 0
529 0,9 0
530 0,9 0
531 0,9 0
532 0,9 0
533 0,9 0
534 0,9 0
535 0,9 0
536 0,9 0
537 0,9 0
538 0,9 0
539 0,9 0
540 0,9 0
541 0,9 0
542 0,9 0
543 0,9 0
544 0,9 0
545 0,9 0
546 0,9 0
547 0,9 0
548 0,9 0
549 0,9 0
550 0,9 0
551 0,9 0
552 0,9 0
553 0,9 0
554 0,9 0
555 0,9 0
556 0,9 0
557 0,9 0
558 0,9 0
559 0,9 0
560 0,9 0
561 0,9 0
562 0,9 0
563 0,9 0
564 0,9 0
565 0,9 0
566 0,9 0
567 0,9 0
568 0,9 0
569 0,9 0
570 0,9 0
571 0,9 0
572 0,9 0
573 0,9 0
574 0,9 0
575 0,9 0
576 0,9 0
577 0,9 0
578 0,9 0
579 0,9 0
580 0,9 0
581 0,9 0
582 0,9 0
583 0,9 0
584 0,9 0
585 0,9 0
586 0,9 0
587 0,9 0
588 0,9 0
589 0,9 0
590 0,9 0
591 0,9 0
592 0,9 0
593 0,9 0
594 0,9 0
595 0,9 0
596 0,9 0
597 0,9 0
598 0,9 0
599 0,9 0
